行人sid	行走路径关键点(x)	行走路径关键点(y)	播放动画	动画帧数	每帧时间间隔(ms)	移动速度(px/s)
						
sid	x	y	ani	fn	ft	speed
INT	INTS	INTS	STRINGS	INTS	INTS	INTS
1	2045|1869|1869|1932|1810|1524|1653|1797	1511|1414|1414|1376|1316|1166|1090|1160	p_walk|p_pat|p_walk|p_walk|p_walk|p_walk||p_walk	6|12|6|6|6|6|6	250|100|250|250|200|200|200	30|0|30|30|40|40|40
2	655|733|822|822|901|941|808|808|926	1460|1336|1281|1281|1228|1169|1029|1029|938	p_walk|p_walk|p_pat|p_walk|p_walk|p_walk|p_stretch|p_walk	6|6|12|6|6|6|12|6	200|200|100|200|200|200|130|200	40|40|0|40|40|40|0|40
3	1139|1230|1278|1278|1403|1403|1550|1736|1984	1515|1451|1387|1387|1273|1273|1182|1264|1139	p_walk|p_walk|p_pat|p_walk|p_stretch|p_walk|p_walk|p_walk	6|6|12|6|12|6|6|6	200|200|100|200|100|200|200|200	40|40|0|40|0|40|40|40
4	2604|2430|2430|2511|2669	1392|1279|1279|1252|1345	p_walk|p_stretch|p_walk|p_walk	6|12|6|6	200|130|200|150	40|0|40|60
5	2864|3672|3672|3399|3399|3996|4047	871|1295|1295|1477|1477|1773|1925	p_walk|p_stretch|p_walk|p_pat|p_walk|p_walk	6|12|6|12|6|6	200|100|200|100|200|200	40|0|40|0|40|40
6	3933|3837|3837|3409|3409|3651|3528|3776	1169|1220|1220|1472|1472|1599|1694|1857	p_walk|p_stretch|p_walk|p_pat|p_walk|p_walk|p_walk	6|12|6|12|6|6|6	200|100|200|100|200|200|200	40|0|40|0|40|40|40
