副本ID	名称	副本描述	副本建筑图标	副本类型	兵种12345	兵种数量	消耗体力	前序副本	后序副本	掉落资源012345	奖励英雄经验	概率掉落道具ID	掉落概率(万分位)	通关掉落奖励
sid	name	direction		type	branchSids	branchNums	bodyForce	lastSid	nextSid	res	exp	gemSids	gemRate	awards
sid	name	description	image	type	branchSids	branchNums	bodyForce	preSid	nextSid	res	exp	gemSids	gemRate	
int	string	string	string	int	ints	ints	int	ints	ints	ints	int	ints	int	ints
10101	黄巾贼营	    张角利用奇书《太平要术》上的经典，救助人民笼络人心，同时大力宣扬“苍天已死，黄天当立，岁在甲子，天下大吉”的迷信思想蛊惑人心，使他创立的太平道教在贫苦农民中树立了威望，信众多达数十万。	judian.png	0	1001|2001|3001|4001|10001	20|20|0|0|0	20	-1	10102	0|0|0|0|0|100	100	-1	-1	20106|21006|21056|21106|21156|21206|22001|22002|22003
10102	广宗西	    黄巾军节节败退，以十多万人之众占据宛城，却被孙坚大破城门。同时，卢植也数战大破张角，斩杀万余人，张角唯有撤往广宗，以图后谋。	chuji.png	0	1001|2001|3001|4001|10001	400|400|400|100|400	20	10101	10103	0|0|1050|0|0|0	200	-1	-1	20106|21006|21056|21106|21156|21206|22001|22002|22003
10103	广宗	    董卓代替卢植进攻广宗却无功而返，便命令黄埔嵩继续北上。不久张角病死，张梁接替张角与黄埔嵩对峙。张梁军犟，于首战不能攻克。次日，皇甫嵩在黎明时分突袭，大破黄巾军，斩杀张梁及数万敌军。	chuji.png	0	1001|2001|3001|4001|10001	600|600|600|150|600	20	10102	10104	0|0|0|1050|0|0	300	-1	-1	20106|21006|21056|21106|21156|21206|22001|22002|22003
10104	曲阳南	    屡战屡败的黄巾军在张角死后群龙无首，器械投降后又仍遭屠戮，黄巾军内人人自危。在这种情况下，黄埔嵩与巨鹿太守郭典将战事向张宝所在的曲阳推进，意图击溃黄巾军最后一股中坚力量。	zhongji_y.png	0	1001|2001|3001|4001|10001	800|800|800|200|800	20	10103	10105	0|0|0|0|1050|0	400	-1	-1	20106|21006|21056|21106|21156|21206|22001|22002|22003
10105	曲阳	    黄巾军大势已去。黄埔嵩与巨鹿太守郭典建筑拦挡、挖掘壕沟、制造云梯，一鼓作气攻下曲阳，成功斩杀张宝，俘虏十数万人。至此，黄巾之乱平息。	last_y.png	1	1001|2001|3001|4001|10002	1000|1000|1000|250|500	40	10104	-1	0|1800|0|0|0|0	600	24051	1000	20106|21006|21056|21106|21156|21206|22001|22002|22003
10201	汜水关西	    董卓进入汉都洛阳，控制朝廷，专擅国政，为政暴虐。同年，几个军阀和地方官组成联盟对抗董卓，以袁绍为盟主。联军先攻去洛阳途中的山关之一汜水关。	chuji.png	0	1001|2001|3001|4001|10001	800|500|500|100|800	20	-1	10202	0|0|2100|0|0|0	500	-1	-1	20106|21006|21056|21106|21156|21206|22001|22002|22003
10202	汜水关	    前锋孙坚在进军汜水关时被华雄击败，华雄耀武扬威、不可一世，在潘凤等大将接连被华雄斩杀之时，关羽主动请缨前去战华雄，并在温酒尚未变冷的极短时间内将华雄斩杀，关羽因此名震诸侯。	gaoji_g.png	0	1001|2001|3001|4001|10002	1200|1000|1000|200|800	20	10201	10203	0|0|0|2100|0|0	500	-1	-1	20106|21006|21056|21106|21156|21206|22001|22002|22003
10203	汜水关北	    董卓新败后，采用李儒的计策执行迁都。他迫使朝廷和洛阳市民随他迁往长安，以军队监视他们。离开前，董卓派兵夺取洛阳富户的财物，将洛阳夷为平地。汜水关守将赵岑得知主公撤走，火速弃关。联军夺关，向虎牢关进军。	chuan.png	0	1001|2001|3001|4001|10001	1400|1500|1500|300|2400	20	10202	10204	0|0|0|0|2100|0	500	-1	-1	20106|21006|21056|21106|21156|21206|22001|22002|22003
10204	虎牢关南	    董卓亲自和吕布、李儒、樊稠、张济率十五万大军东进虎牢关，并命吕布率先锋三万在关前驻扎。同时，八路诸侯王匡、桥瑁、鲍信、袁遗、孔融、张杨、陶谦、公孙瓒各率本部军马在袁绍指挥下进军虎牢关。	zhongji_g.png	0	1001|2001|3001|4001|10001	1600|2000|2000|400|3200	20	10203	10205|10206	0|0|0|0|0|2100	500	-1	-1	20106|21006|21056|21106|21156|21206|22001|22002|22003
10205	虎牢关东	    王匡先到，部将方悦主动与吕布单挑。不足五回合，方悦被杀，吕布冲入王匡军，杀了一些溃兵。幸好桥瑁和袁遗赶来救援王匡。他们决定撤退到关外三十华里处下寨。	gaoji_g.png	0	1001|2001|3001|4001|10001	1800|2000|2000|400|3200	20	10204	-1	0|2100|0|0|0|0	500	-1	-1	20106|21006|21056|21106|21156|21206|22001|22002|22003
10206	虎牢关	    联军数将出战吕布皆被斩杀，公孙瓒亲战吕布也败走而逃，吕布趁胜追之被张飞所拦，二人大战五十回合，关羽杀出，三人又战三十回合，继而刘备参战，三人围攻吕布。吕布无力击败三人于是佯击刘备，乘隙脱身奔回虎牢关。	last_g.png	1	1001|2001|3001|4001|10003	2000|2500|2500|500|2000	40	10204	-1	0|2700|0|0|0|0	700	24051	1000	20106|21006|21056|21106|21156|21206|22001|22002|22003
10301	濮阳	    张邈和陈宫趁曹操外征徐州，叛变并迎吕布入主兖州，众郡县群起响应。曹操回返兖州，与吕布军在濮阳相持百日，终因粮尽而各自退兵。	zhongji_g.png	0	1001|2001|3001|4001|10001	2500|1000|1000|250|1000	20	-1	10302|10303	0|0|3100|0|0|0	600	-1	-1	20106|21006|21056|21106|21156|21206|22001|22002|22003
10302	东缗	    兴平二年，吕布再次从东缗出发，与陈宫率领万余人来进攻曹操。曹操部下全都出营收割麦子，营中不到一千人，难以守住营寨。	zhongji_g.png	0	1001|2001|3001|4001|10001	3000|2000|2000|500|2000	20	10301	10304	0|0|0|3100|0|0	600	-1	-1	20106|21006|21056|21106|21156|21206|22001|22002|22003
10303	东缗东	    营寨西边有一条大堤，南边有一片密林。曹操在此处布下重重埋伏，并派轻装部队前去引诱。吕布果然上当，大败而逃。	chuji.png	0	1001|2001|3001|4001|10004	3500|3000|3000|750|1500	20	10301	-1	0|0|0|0|3100|0	600	-1	-1	20106|21006|21056|21106|21156|21206|22001|22002|22003
10304	定陶	    曹操乘胜追击吕布，一路攻下定陶，并分兵平定各县。	gaoji_g.png	0	1001|2001|3001|4001|10001	4000|4000|4000|1000|4000	20	10302	10305	0|0|0|0|0|3100	600	-1	-1	20106|21006|21056|21106|21156|21206|22001|22002|22003
10305	雍丘南	    吕布向东到徐州投奔刘备。张邈跟随吕布，让自己的弟弟张超带领家属退守雍丘。	zhongji_g.png	0	1001|2001|3001|4001|10002	4500|4000|4000|1000|2000	20	10304	10306	0|0|3100|0|0|0	600	-1	-1	20106|21006|21056|21106|21156|21206|22001|22002|22003
10306	雍丘 	    曹操一鼓作气大破雍丘，灭张邈三族。	last_g.png	1	1001|2001|3001|4001|10001	5000|5000|5000|1250|5000	40	10305	-1	0|3500|0|0|0|0	600	24051	1000	20106|21006|21056|21106|21156|21206|22001|22002|22003
10401	牛渚	    孙策趁袁术遣吴景攻张英连年不克，自请助战，欲趁机攻取江东。受任折冲校尉，行殄寇将军，率千余人，骑数十匹，沿途不断扩充队伍，达五六千，与吴景会师，又召周瑜合军，一举击破张英，夺得牛渚粮仓、兵器库。	chuji.png	0	1001|2001|3001|4001|10001	3250|3250|4875|2437|6500	20	-1	10402	0|4200|0|0|0|0	600	-1	-1	20106|21006|21056|21106|21156|21206|22001|22002|22003
10402	秣陵	    孙策依托牛渚物资为后盾，进攻秣陵。依附刘繇的薛礼不敌败走。	zhongji_b.png	0	1001|2001|3001|4001|10002	3500|3500|5250|2625|3500	20	10401	10403	0|0|4200|0|0|0	600	-1	-1	20106|21006|21056|21106|21156|21206|22001|22002|22003
10403	海陵	    孙策还军击败召集散众意图夺回牛渚的樊能，俘获万余人。后以反间计诱笮融来攻，设伏破之，斩千余人。然后进军海陵，击破刘繇部将，再转战湖孰、江乘，战无不克。	zhongji_b.png	0	1001|2001|3001|4001|10001	3750|3750|5625|2812|7500	20	10402	10404	0|0|0|4200|0|0	600	-1	-1	20106|21006|21056|21106|21156|21206|22001|22002|22003
10404	曲阿	    孙策乘胜进攻曲阿，刘繇派太史慈侦查城外，偶遇孙策等三十骑。太史慈单骑迎战孙策，回合间不分伯仲，至双方军队前来，二人各自归队。刘繇出战孙策，战败后弃军而逃，诸郡守弃城而走，城尽归孙策所有。	zhongji_b.png	0	1001|2001|3001|4001|10001	4000|4000|6000|3000|8000	20	10403	10405	0|0|0|0|4200|0	600	-1	-1	20106|21006|21056|21106|21156|21206|22001|22002|22003
10405	固陵	    孙策引军渡江至固陵，被会稽太守王朗发兵阻击。后用叔父孙静之计，趁夜多燃火把为疑兵，分兵南进数十里，经查渎道袭高迁屯，迂回进攻会稽。	gaoji_b.png	0	1001|2001|3001|4001|10003	4250|4250|6375|3187|4200	20	10404	10406|10407	0|0|0|0|0|4200	600	-1	-1	20106|21006|21056|21106|21156|21206|22001|22002|22003
10406	会稽	    孙策率军进攻会稽，王朗慌忙遣周昕等迎战，周昕兵败被杀，王朗走海道落荒而逃。	zhongji.png	0	1001|2001|3001|4001|10001	4500|4500|6750|3375|9000	20	10405	-1	0|0|4200|0|0|0	600	-1	-1	20106|21006|21056|21106|21156|21206|22001|22002|22003
10407	东冶	    孙策率军追至东冶，收服王朗。随即回师，自称会稽太守，以吴景为丹阳太守，朱治任吴郡太守。	gaoji_b.png	0	1001|2001|3001|4001|10001	4750|4750|7125|3562|9500	20	10405	10408	0|0|0|4200|0|0	600	-1	-1	20106|21006|21056|21106|21156|21206|22001|22002|22003
10408	海西	    当时自称吴郡太守的陈氨驻海西，遣都尉秘渡长江，欲与严白虎勾结，攻打孙策。孙策得知，令吕范等率军至海西，击败陈氨，俘四千人。同时，孙策击败严白虎，宣州以东地区得以稳固。	last_b.png	1	1001|2001|3001|4001|10004	5000|5000|7500|3750|5000	40	10407	-1	0|0|0|0|4900|0	800	24051	1000	20106|21006|21056|21106|21156|21206|22001|22002|22003
10501	宛城	    曹操从许昌出兵攻荆州牧刘表，途经张绣控制的宛城。张绣军师贾诩建议张绣诈降曹操，然后设计驱逐之。如其所料，曹操接受张绣投降，允许他留下控制宛城。	zhongji_g.png	0	1001|2001|3001|4001|10001	6500|9750|6500|812|3250	20	-1	10502|10503	0|5600|0|0|0|0	700	-1	-1	20106|21006|21056|21106|21156|21206|22001|22002|22003
10502	宛城郊外	    曹操被张绣叔父遗孀所吸引，纳为妾室。张绣感到受辱，想报复曹操。曹操听闻张绣不快，计划除掉他，事泄，张绣反叛曹操。	chuji.png	0	1001|2001|3001|4001|10001	7000|10500|7000|875|3500	20	10501	10504	0|0|5600|0|0|0	700	-1	-1	20106|21006|21056|21106|21156|21206|22001|22002|22003
10503	曹营南	    张绣趁夜突袭曹操，由于曹操疏于防备，张绣的突袭取得了优势。	judian.png	0	1001|2001|3001|4001|10001	7500|11250|7500|937|3750	20	10501	-1	0|0|0|5600|0|0	700	-1	-1	20106|21006|21056|21106|21156|21206|22001|22002|22003
10504	曹营西	    曹操上马逃之夭夭，将军典韦在后阻止敌军进入寨门。	judian.png	0	1001|2001|3001|4001|10001	8000|12000|8000|1000|4000	20	10502	10505	0|0|0|0|5600|0	700	-1	-1	20106|21006|21056|21106|21156|21206|22001|22002|22003
10505	曹操营寨	    张绣军从其他寨门杀入，意图四面围击典韦。	chuji.png	0	1001|2001|3001|4001|10001	8500|12750|8500|1062|4250	20	10504	10506	0|0|0|0|0|5600	700	-1	-1	20106|21006|21056|21106|21156|21206|22001|22002|22003
10506	曹营东	    典韦身边只余十数人，拼死战斗。典韦手持长戟左右突刺，杀敌十余人，尸横遍地。典韦负伤十余处，依然坚持战斗，并将两名敌军挟死。	judian.png	0	1001|2001|3001|4001|10004	9000|13500|9000|1125|2300	20	10505	10507|10508	0|0|5600|0|0|0	700	-1	-1	20106|21006|21056|21106|21156|21206|22001|22002|22003
10507	曹营北	    张绣军踌躇不敢上前，典韦又杀死数人，终因伤重，瞋目大骂而死。张绣军不敢上前取其首级，直到确认典韦已死，遂整军还营。	judian.png	0	1001|2001|3001|4001|10003	9500|14250|9500|1187|2400	20	10506	-1	0|0|0|5600|0|0	700	-1	-1	20106|21006|21056|21106|21156|21206|22001|22002|22003
10508	舞阴北	    曹操之子曹昂将战马让给父亲，并勇敢地在后阻拦张绣军，终被围杀而死。曹操之侄曹安民也在撤逃中阵亡。	chuji.png	0	1001|2001|3001|4001|10003	9500|14250|9500|1187|2400	20	10506	10509	0|0|0|5600|0|0	700	-1	-1	20106|21006|21056|21106|21156|21206|22001|22002|22003
10509	舞阴	    曹操安然撤到舞阴，得知典韦之死，痛哭不已。	last_g.png	1	1001|2001|3001|4001|10002	10000|15000|10000|1250|2500	40	10508	-1	0|0|6200|0|0|0	900	24001|24051	1000	20106|21006|21056|21106|21156|21206|22001|22002|22003
10601	沛县	   	chuji.png	0	1001|2001|3001|4001|10001	10000|8000|8000|4000|12000	20	-1	10602|10603	0|7000|0|0|0|0	800	-1	-1	20106|21006|21056|21106|21156|21206|22001|22002|22003
10602	沛县南	   	chuji.png	0	1001|2001|3001|4001|10001	11250|9000|9000|4500|13500	20	10601	-1	0|0|7000|0|0|0	800	-1	-1	20106|21006|21056|21106|21156|21206|22001|22002|22003
10603	沛县西	   	judian.png	0	1001|2001|3001|4001|10001	12500|10000|10000|5000|15000	20	10601	10604	0|0|0|7000|0|0	800	-1	-1	20106|21006|21056|21106|21156|21206|22001|22002|22003
10604	彭城北	   	chuji.png	0	1001|2001|3001|4001|10002	13750|11000|11000|5500|8250	20	10603	10605	0|0|0|0|7000|0	800	-1	-1	20106|21006|21056|21106|21156|21206|22001|22002|22003
10605	彭城	   	zhongji.png	0	1001|2001|3001|4001|10001	15000|12000|12000|6000|18000	20	10604	10606|10607	0|0|0|0|0|7000	800	-1	-1	20106|21006|21056|21106|21156|21206|22001|22002|22003
10606	彭城南	   	chuji.png	0	1001|2001|3001|4001|10001	16250|13000|13000|6500|19500	20	10605	-1	0|0|7000|0|0|0	800	-1	-1	20106|21006|21056|21106|21156|21206|22001|22002|22003
10607	下邳北	   	judian.png	0	1001|2001|3001|4001|10001	17500|14000|14000|7000|21000	20	10605	10608	0|0|0|7000|0|0	800	-1	-1	20106|21006|21056|21106|21156|21206|22001|22002|22003
10608	下邳东	   	chuji.png	0	1001|2001|3001|4001|10003	20000|16000|16000|8000|12000	20	10607	10609|10610	0|7000|0|0|0|0	800	-1	-1	20106|21006|21056|21106|21156|21206|22001|22002|22003
10609	下邳南	   	zhongji.png	0	1001|2001|3001|4001|10001	22500|18000|18000|9000|27000	20	10608	-1	0|0|7000|0|0|0	800	-1	-1	20106|21006|21056|21106|21156|21206|22001|22002|22003
10610	下邳	   	gaoji.png	1	1001|2001|3001|4001|10004	25000|20000|20000|10000|15000	40	10608	-1	0|0|0|7000|0|0	1000	24001|24051	1000	20106|21006|21056|21106|21156|21206|22001|22002|22003
10701	广陵	   	chuji.png	0	1001|2001|3001|4001|10001	20750|24900|24900|6225|33200	20	-1	10702|10703	0|0|0|0|8200|0	900	-1	-1	20106|21006|21056|21106|21156|21206|22001|22002|22003
10702	广陵南	   	chuji.png	0	1001|2001|3001|4001|10002	21250|25500|25500|6375|17000	20	10701	-1	0|9800|0|0|0|0	900	-1	-1	20106|21006|21056|21106|21156|21206|22001|22002|22003
10703	广陵西	   	judian.png	0	1001|2001|3001|4001|10001	22000|26400|26400|6600|35200	20	10701	10704	0|0|9800|0|0|0	900	-1	-1	20106|21006|21056|21106|21156|21206|22001|22002|22003
10704	淮北	   	chuji.png	0	1001|2001|3001|4001|10001	22250|26700|26700|6675|35600	20	10703	10705	0|0|0|9800|0|0	900	-1	-1	20106|21006|21056|21106|21156|21206|22001|22002|22003
10705	淮南	   	zhongji.png	0	1001|2001|3001|4001|10002	22500|27000|27000|6750|18000	20	10704	10706|10707	0|0|0|0|9800|0	900	-1	-1	20106|21006|21056|21106|21156|21206|22001|22002|22003
10706	下邳	   	chuji.png	0	1001|2001|3001|4001|10001	23000|27600|27600|6900|36800	20	10705	-1	0|0|0|0|0|9800	900	-1	-1	20106|21006|21056|21106|21156|21206|22001|22002|22003
10707	潜山	   	judian.png	0	1001|2001|3001|4001|10001	23500|28200|28200|7050|37600	20	10705	10708	0|9800|0|0|0|0	900	-1	-1	20106|21006|21056|21106|21156|21206|22001|22002|22003
10708	青州北	   	chuji.png	0	1001|2001|3001|4001|10001	24000|28800|28800|7200|38400	20	10707	10709|10710	0|0|9800|0|0|0	900	-1	-1	20106|21006|21056|21106|21156|21206|22001|22002|22003
10709	青州	   	zhongji.png	0	1001|2001|3001|4001|10003	24500|29400|29400|7350|19500	20	10708	-1	0|0|0|9800|0|0	900	-1	-1	20106|21006|21056|21106|21156|21206|22001|22002|22003
10710	寿春	   	gaoji.png	1	1001|2001|3001|4001|10004	25000|30000|30000|7500|20000	40	10708	-1	0|0|0|0|10500|0	1100	24001|24051	1000	20106|21006|21056|21106|21156|21206|22001|22002|22003
10801	白马	   	chuji.png	0	1002|2002|3002|4002|10002	7500|7500|7500|5625|33000	20	-1	10802|10803	0|11200|0|0|0|0	1000	-1	-1	20106|21006|21056|21106|21156|21206|22001|22002|22003
10802	黎阳	   	judian.png	0	1002|2002|3002|4002|10002	8750|8750|8750|6562|38500	20	10801	-1	0|0|11200|0|0|0	1000	-1	-1	20106|21006|21056|21106|21156|21206|22001|22002|22003
10803	延津	   	chuji.png	0	1002|2002|3002|4002|10003	10000|10000|10000|7500|44000	20	10801	10804	0|0|0|11200|0|0	1000	-1	-1	20106|21006|21056|21106|21156|21206|22001|22002|22003
10804	汲县	   	judian.png	0	1002|2002|3002|4002|10003	10000|10000|10000|7500|44000	20	10803	10805	0|0|0|11200|0|0	1000	-1	-1	20106|21006|21056|21106|21156|21206|22001|22002|22003
10805	获嘉	   	chuji.png	0	1002|2002|3002|4002|10004	11250|11250|11250|8437|49500	20	10804	10806	0|0|0|0|11200|0	1000	-1	-1	20106|21006|21056|21106|21156|21206|22001|22002|22003
10806	乌巢	   	zhongji.png	0	1002|2002|3002|4002|10002	12500|12500|12500|9375|55000	20	10805	10807|10808	0|0|0|0|0|11200	1000	-1	-1	20106|21006|21056|21106|21156|21206|22001|22002|22003
10807	阳武	   	chuji.png	0	1002|2002|3002|4002|10002	13750|13750|13750|10312|60500	20	10806	-1	0|11200|0|0|0|0	1000	-1	-1	20106|21006|21056|21106|21156|21206|22001|22002|22003
10808	原武	   	judian.png	0	1002|2002|3002|4002|10003	15000|15000|15000|11250|66000	20	10806	10809	0|0|11200|0|0|0	1000	-1	-1	20106|21006|21056|21106|21156|21206|22001|22002|22003
10809	中牟	   	judian.png	0	1002|2002|3002|4002|10002	17500|17500|17500|13125|77000	20	10808	10810	0|0|0|11200|0|0	1000	-1	-1	20106|21006|21056|21106|21156|21206|22001|22002|22003
10810	封丘	   	chuji.png	0	1002|2002|3002|4002|10003	20000|20000|20000|15000|88000	20	10809	10811|10812	0|0|0|0|11200|0	1000	-1	-1	20106|21006|21056|21106|21156|21206|22001|22002|22003
10811	浚仪	   	zhongji.png	0	1002|2002|3002|4002|10002	22500|22500|22500|16875|99000	20	10810	-1	0|0|0|0|0|11200	1000	-1	-1	20106|21006|21056|21106|21156|21206|22001|22002|22003
10812	官渡	   	gaoji.png	1	1002|2002|3002|4002|10004	25000|25000|25000|18750|110000	40	10810	-1	0|12000|0|0|0|0	1200	24001|24051	1000	20106|21006|21056|21106|21156|21206|22001|22002|22003
10901	丹阳	   	chuji.png	0	1002|2002|3002|4002|10004	32625|38062|27187|13593|56550	20	-1	10902|10903	0|12600|0|0|0|0	1100	-1	-1	20106|21006|21056|21106|21156|21206|22001|22002|22003
10902	丹阳南	   	judian.png	0	1002|2002|3002|4002|10002	33375|38937|27812|13906|57850	20	10901	-1	0|0|12600|0|0|0	1100	-1	-1	20106|21006|21056|21106|21156|21206|22001|22002|22003
10903	博望坡	   	chuji.png	0	1002|2002|3002|4002|10003	33750|39375|28125|14062|58500	20	10901	10904	0|0|0|12600|0|0	1100	-1	-1	20106|21006|21056|21106|21156|21206|22001|22002|22003
10904	鹊尾坡	   	judian.png	0	1002|2002|3002|4002|10003	34125|39812|28437|14218|59150	20	10903	10905	0|0|0|0|12600|0	1100	-1	-1	20106|21006|21056|21106|21156|21206|22001|22002|22003
10905	博陵渡口	   	chuji.png	0	1002|2002|3002|4002|10002	34500|40250|28750|14375|59800	20	10904	10906	0|0|0|0|0|12600	1100	-1	-1	20106|21006|21056|21106|21156|21206|22001|22002|22003
10906	新野	   	zhongji.png	0	1002|2002|3002|4002|10002	34875|40687|29062|14531|60450	20	10905	10907|10908	0|12600|0|0|0|0	1100	-1	-1	20106|21006|21056|21106|21156|21206|22001|22002|22003
10907	新野南	   	chuji.png	0	1002|2002|3002|4002|10002	35250|41125|29375|14687|61100	20	10906	-1	0|0|12600|0|0|0	1100	-1	-1	20106|21006|21056|21106|21156|21206|22001|22002|22003
10908	新野东	   	judian.png	0	1002|2002|3002|4002|10002	35625|41562|29687|14843|61750	20	10906	10909	0|0|0|12600|0|0	1100	-1	-1	20106|21006|21056|21106|21156|21206|22001|22002|22003
10909	樊城北	   	judian.png	0	1002|2002|3002|4002|10003	36000|42000|30000|15000|62400	20	10908	10910	0|0|0|0|12600|0	1100	-1	-1	20106|21006|21056|21106|21156|21206|22001|22002|22003
10910	樊城	   	chuji.png	0	1002|2002|3002|4002|10002	36375|42437|30312|15156|63050	20	10909	10911|10912	0|0|0|0|0|12600	1100	-1	-1	20106|21006|21056|21106|21156|21206|22001|22002|22003
10911	襄阳	   	zhongji.png	0	1002|2002|3002|4002|10004	36750|42875|30625|15312|63700	20	10910	-1	0|12600|0|0|0|0	1100	-1	-1	20106|21006|21056|21106|21156|21206|22001|22002|22003
10912	江陵	   	gaoji.png	1	1002|2002|3002|4002|10004	37500|43750|31250|15625|65000	40	10910	-1	0|0|13000|0|0|0	1300	24001|24051	1000	20106|21006|21056|21106|21156|21206|22001|22002|22003
11001	襄阳	   	chuji.png	0	1002|2002|3002|4002|10002	35200|35200|39600|13200|88000	20	-1	11002	0|14000|0|0|0|0	1200	-1	-1	20106|21006|21056|21106|21156|21206|22001|22002|22003
11002	宜城	   	chuji.png	0	1002|2002|3002|4002|10004	35600|35600|40050|13350|89000	20	11001	11003	0|0|14000|0|0|0	1200	-1	-1	20106|21006|21056|21106|21156|21206|22001|22002|22003
11003	石桥	   	chuji.png	0	1002|2002|3002|4002|10003	36000|36000|40500|13500|90000	20	11002	11004	0|0|0|14000|0|0	1200	-1	-1	20106|21006|21056|21106|21156|21206|22001|22002|22003
11004	石桥南	   	chuji.png	0	1002|2002|3002|4002|10003	36400|36400|40950|13650|91000	20	11003	11005	0|0|0|0|14000|0	1200	-1	-1	20106|21006|21056|21106|21156|21206|22001|22002|22003
11005	长坂坡北	   	chuji.png	0	1002|2002|3002|4002|10002	36800|36800|41400|13800|92000	20	11004	11006	0|0|0|0|0|14000	1200	-1	-1	20106|21006|21056|21106|21156|21206|22001|22002|22003
11006	长坂坡西	   	chuji.png	0	1002|2002|3002|4002|10004	37200|37200|41850|13950|93000	20	11005	11007	0|14000|0|0|0|0	1200	-1	-1	20106|21006|21056|21106|21156|21206|22001|22002|22003
11007	长坂坡	   	chuji.png	0	1002|2002|3002|4002|10003	37600|37600|42300|14100|94000	20	11006	11008|11009|11010	0|0|14000|0|0|0	1200	-1	-1	20106|21006|21056|21106|21156|21206|22001|22002|22003
11008	长坂坡南	   	chuji.png	0	1002|2002|3002|4002|10004	38000|38000|42750|14250|95000	20	11007	-1	0|0|0|14000|0|0	1200	-1	-1	20106|21006|21056|21106|21156|21206|22001|22002|22003
11009	当阳	   	chuji.png	0	1002|2002|3002|4002|10002	38400|38400|43200|14400|96000	20	11007	-1	0|0|0|0|14000|0	1200	-1	-1	20106|21006|21056|21106|21156|21206|22001|22002|22003
11010	建阳	   	chuji.png	0	1002|2002|3002|4002|10003	38800|38800|43650|14550|97000	20	11007	11011	0|0|0|0|0|14000	1200	-1	-1	20106|21006|21056|21106|21156|21206|22001|22002|22003
11011	纪南	   	chuji.png	0	1002|2002|3002|4002|10004	39200|39200|44100|14700|98000	20	11010	11012	0|14000|0|0|0|0	1200	-1	-1	20106|21006|21056|21106|21156|21206|22001|22002|22003
11012	江陵	   	gaoji.png	1	1002|2002|3002|4002|10002	40000|40000|45000|15000|100000	40	11011	-1	0|0|0|15000|0|0	1400	24001|24051	1000	20106|21006|21056|21106|21156|21206|22001|22002|22003
11101	江夏	   	chuji.png	0	1002|2002|3002|4002|10002	45000|30000|45000|18750|90000	20	-1	11102|11104	0|15750|0|0|0|0	1300	-1	-1	20106|21006|21056|21106|21156|21206|22001|22002|22003
11102	樊口北	   	chuji.png	0	1002|2002|3002|4002|10004	46500|31000|46500|19375|93000	20	11101	11103	0|0|15750|0|0|0	1300	-1	-1	20106|21006|21056|21106|21156|21206|22001|22002|22003
11103	樊口	   	chuji.png	0	1002|2002|3002|4002|10003	48750|32500|48750|20312|97500	20	11102	-1	0|0|0|15750|0|0	1300	-1	-1	20106|21006|21056|21106|21156|21206|22001|22002|22003
11104	樊口南	   	chuji.png	0	1002|2002|3002|4002|10004	52500|35000|52500|21875|105000	20	11101	11105	0|0|0|0|15750|0	1300	-1	-1	20106|21006|21056|21106|21156|21206|22001|22002|22003
11105	赤壁北	   	chuji.png	0	1002|2002|3002|4002|10002	54750|36500|54750|22812|109500	20	11104	11106	0|0|0|0|0|15750	1300	-1	-1	20106|21006|21056|21106|21156|21206|22001|22002|22003
11106	赤壁西	   	chuan.png	0	1002|2002|3002|4002|10004	57000|38000|57000|23750|114000	20	11105	11107	0|15750|0|0|0|0	1300	-1	-1	20106|21006|21056|21106|21156|21206|22001|22002|22003
11107	赤壁	   	chuan.png	0	1002|2002|3002|4002|10004	60000|40000|60000|25000|120000	20	11106	11108	0|0|15750|0|0|0	1300	-1	-1	20106|21006|21056|21106|21156|21206|22001|22002|22003
11108	赤壁南	   	chuji.png	0	1002|2002|3002|4002|10002	62250|41500|62250|25937|124500	20	11107	11109	0|0|0|15750|0|0	1300	-1	-1	20106|21006|21056|21106|21156|21206|22001|22002|22003
11109	赤壁东	   	chuji.png	0	1002|2002|3002|4002|10003	64500|43000|64500|26875|129000	20	11108	11110	0|0|0|0|15750|0	1300	-1	-1	20106|21006|21056|21106|21156|21206|22001|22002|22003
11110	华容道	   	chuji.png	0	1002|2002|3002|4002|10002	67500|45000|67500|28125|135000	20	11109	11111	0|0|0|0|0|15750	1300	-1	-1	20106|21006|21056|21106|21156|21206|22001|22002|22003
11111	江陵北	   	chuan.png	0	1002|2002|3002|4002|10003	69750|46500|69750|29062|139500	20	11110	11112	0|0|0|0|15750|0	1300	-1	-1	20106|21006|21056|21106|21156|21206|22001|22002|22003
11112	江陵西	   	chuji.png	0	1002|2002|3002|4002|10002	71250|47500|71250|29687|142500	20	11111	11113	0|0|0|15750|0|0	1300	-1	-1	20106|21006|21056|21106|21156|21206|22001|22002|22003
11113	江陵	   	gaoji.png	1	1002|2002|3002|4002|10002	75000|50000|75000|31250|150000	40	11112	-1	0|16500|0|0|0|0	1500	24001|24051	1000	20106|21006|21056|21106|21156|21206|22001|22002|22003
11201	宛城	   	chuji.png	0	1002|2002|3002|4002|10005	63750|74375|63750|26562|136000	20	-1	11202	0|0|0|0|0|18000	1400	-1	-1	20106|21006|21056|21106|21156|21206|22001|22002|22003
11202	武关	   	chuji.png	0	1002|2002|3002|4002|10006	65250|76125|65250|27187|139200	20	11201	11203	0|0|0|0|18000|0	1400	-1	-1	20106|21006|21056|21106|21156|21206|22001|22002|22003
11203	蓝田	   	chuji.png	0	1002|2002|3002|4002|10007	66000|77000|66000|27500|140800	20	11202	11204	0|0|0|18000|0|0	1400	-1	-1	20106|21006|21056|21106|21156|21206|22001|22002|22003
11204	蓝田南	   	chuji.png	0	1002|2002|3002|4002|10006	66750|77875|66750|27812|142400	20	11203	11205	0|0|18000|0|0|0	1400	-1	-1	20106|21006|21056|21106|21156|21206|22001|22002|22003
11205	潼关北	   	chuji.png	0	1002|2002|3002|4002|10007	67500|78750|67500|28125|144000	20	11204	11206	0|18000|0|0|0|0	1400	-1	-1	20106|21006|21056|21106|21156|21206|22001|22002|22003
11206	潼关西	   	chuji.png	0	1002|2002|3002|4002|10005	68250|79625|68250|28437|145600	20	11205	11207	0|0|0|0|0|18000	1400	-1	-1	20106|21006|21056|21106|21156|21206|22001|22002|22003
11207	潼关	   	chuji.png	0	1002|2002|3002|4002|10007	69000|80500|69000|28750|147200	20	11206	11208|11210|11211	0|0|0|0|18000|0	1400	-1	-1	20106|21006|21056|21106|21156|21206|22001|22002|22003
11208	蒲坂	   	chuji.png	0	1002|2002|3002|4002|10007	69750|81375|69750|29062|148800	20	11207	11209	0|0|0|18000|0|0	1400	-1	-1	20106|21006|21056|21106|21156|21206|22001|22002|22003
11209	渭北	   	chuji.png	0	1002|2002|3002|4002|10005	70500|82250|70500|29375|150400	20	11208	-1	0|0|18000|0|0|0	1400	-1	-1	20106|21006|21056|21106|21156|21206|22001|22002|22003
11210	渭西	   	chuji.png	0	1002|2002|3002|4002|10006	71250|83125|71250|29687|152000	20	11207	-1	0|18000|0|0|0|0	1400	-1	-1	20106|21006|21056|21106|21156|21206|22001|22002|22003
11211	渭口	   	chuji.png	0	1002|2002|3002|4002|10007	72000|84000|72000|30000|153600	20	11207	11212	0|0|18000|0|0|0	1400	-1	-1	20106|21006|21056|21106|21156|21206|22001|22002|22003
11212	渭南	   	chuji.png	0	1002|2002|3002|4002|10005	73500|85750|73500|30625|156800	20	11211	11213	0|0|0|18000|0|0	1400	-1	-1	20106|21006|21056|21106|21156|21206|22001|22002|22003
11213	河西	   	gaoji.png	1	1002|2002|3002|4002|10005	75000|87500|75000|31250|160000	40	11212	-1	0|0|19550|0|0|0	1600	24001|24051	1000	20106|21006|21056|21106|21156|21206|22001|22002|22003
11301	当涂	   	chuji.png	0	1002|2002|3002|4002|10007	85000|85000|83937|37187|76500	20	-1	11302	0|0|0|0|0|22500	1500	-1	-1	20106|21006|21056|21106|21156|21206|22001|22002|22003
11302	雩娄	   	chuji.png	0	1002|2002|3002|4002|10005	86000|86000|84925|37625|77400	20	11301	11303	0|0|0|0|22500|0	1500	-1	-1	20106|21006|21056|21106|21156|21206|22001|22002|22003
11303	陆口	   	chuji.png	0	1002|2002|3002|4002|10007	87000|87000|85912|38062|78300	20	11302	11304	0|0|0|22500|0|0	1500	-1	-1	20106|21006|21056|21106|21156|21206|22001|22002|22003
11304	合肥北	   	chuji.png	0	1002|2002|3002|4002|10006	88000|88000|86900|38500|79200	20	11303	11305	0|0|22500|0|0|0	1500	-1	-1	20106|21006|21056|21106|21156|21206|22001|22002|22003
11305	合肥西	   	chuji.png	0	1002|2002|3002|4002|10005	89000|89000|87887|38937|80100	20	11304	11306	0|22500|0|0|0|0	1500	-1	-1	20106|21006|21056|21106|21156|21206|22001|22002|22003
11306	合肥	   	chuji.png	0	1002|2002|3002|4002|10006	90000|90000|88875|39375|81000	20	11305	11307	0|0|0|0|0|22500	1500	-1	-1	20106|21006|21056|21106|21156|21206|22001|22002|22003
11307	逍遥津北	   	chuji.png	0	1002|2002|3002|4002|10007	91000|91000|89862|39812|81900	20	11306	11308|11310|11311	0|0|0|0|22500|0	1500	-1	-1	20106|21006|21056|21106|21156|21206|22001|22002|22003
11308	逍遥津南	   	chuji.png	0	1002|2002|3002|4002|10005	92000|92000|90850|40250|82800	20	11307	11309	0|0|0|22500|0|0	1500	-1	-1	20106|21006|21056|21106|21156|21206|22001|22002|22003
11309	淝水	   	chuji.png	0	1002|2002|3002|4002|10006	93000|93000|91837|40687|83700	20	11308	-1	0|0|22500|0|0|0	1500	-1	-1	20106|21006|21056|21106|21156|21206|22001|22002|22003
11310	巢湖	   	chuji.png	0	1002|2002|3002|4002|10005	94000|94000|92825|41125|84600	20	11307	-1	0|22500|0|0|0|0	1500	-1	-1	20106|21006|21056|21106|21156|21206|22001|22002|22003
11311	合肥新北	   	chuji.png	0	1002|2002|3002|4002|10007	95000|95000|93812|41562|85500	20	11307	11312	0|0|0|0|0|22500	1500	-1	-1	20106|21006|21056|21106|21156|21206|22001|22002|22003
11312	合肥新西	   	chuji.png	0	1002|2002|3002|4002|10005	97000|97000|95787|42437|87300	20	11311	11313	0|0|0|0|22500|0	1500	-1	-1	20106|21006|21056|21106|21156|21206|22001|22002|22003
11313	合肥新城	   	gaoji.png	1	1002|2002|3002|4002|10007	100000|100000|98750|43750|90000	40	11312	-1	0|0|0|21000|0|0	1700	24001|24051	1000	20106|21006|21056|21106|21156|21206|22001|22002|22003
11401	涪县	   	chuji.png	0	1002|2002|3002|4002|10005	88000|88000|99000|44000|158400	20	-1	11402	0|0|0|0|0|22500	1600	-1	-1	20106|21006|21056|21106|21156|21206|22001|22002|22003
11402	绵竹	   	chuji.png	0	1002|2002|3002|4002|10007	89000|89000|100125|44500|160200	20	11401	11403	0|0|0|0|22500|0	1600	-1	-1	20106|21006|21056|21106|21156|21206|22001|22002|22003
11403	雒城	   	chuji.png	0	1002|2002|3002|4002|10006	90000|90000|101250|45000|162000	20	11402	11404	0|0|0|22500|0|0	1600	-1	-1	20106|21006|21056|21106|21156|21206|22001|22002|22003
11404	雁桥	   	chuji.png	0	1002|2002|3002|4002|10007	91000|91000|102375|45500|163800	20	11403	11405	0|0|22500|0|0|0	1600	-1	-1	20106|21006|21056|21106|21156|21206|22001|22002|22003
11405	葭萌	   	chuji.png	0	1002|2002|3002|4002|10006	92000|92000|103500|46000|165600	20	11404	11406	0|22500|0|0|0|0	1600	-1	-1	20106|21006|21056|21106|21156|21206|22001|22002|22003
11406	巴东	   	chuji.png	0	1002|2002|3002|4002|10005	93000|93000|104625|46500|167400	20	11405	11407	0|0|0|0|0|22500	1600	-1	-1	20106|21006|21056|21106|21156|21206|22001|22002|22003
11407	江州	   	chuji.png	0	1002|2002|3002|4002|10007	94000|94000|105750|47000|169200	20	11406	11408|11410|11411	0|0|0|0|22500|0	1600	-1	-1	20106|21006|21056|21106|21156|21206|22001|22002|22003
11408	江阳	   	chuji.png	0	1002|2002|3002|4002|10005	95000|95000|106875|47500|171000	20	11407	11409	0|0|0|22500|0|0	1600	-1	-1	20106|21006|21056|21106|21156|21206|22001|22002|22003
11409	犍为	   	chuji.png	0	1002|2002|3002|4002|10005	96000|96000|108000|48000|172800	20	11408	-1	0|0|22500|0|0|0	1600	-1	-1	20106|21006|21056|21106|21156|21206|22001|22002|22003
11410	巴西	   	chuji.png	0	1002|2002|3002|4002|10007	97000|97000|109125|48500|174600	20	11407	-1	0|22500|0|0|0|0	1600	-1	-1	20106|21006|21056|21106|21156|21206|22001|22002|22003
11411	德阳	   	chuji.png	0	1002|2002|3002|4002|10006	98000|98000|110250|49000|176400	20	11407	11412	0|0|0|0|0|22500	1600	-1	-1	20106|21006|21056|21106|21156|21206|22001|22002|22003
11412	成都东	   	chuji.png	0	1002|2002|3002|4002|10005	99000|99000|111375|49500|178200	20	11411	11413	0|0|0|0|22500|0	1600	-1	-1	20106|21006|21056|21106|21156|21206|22001|22002|22003
11413	成都	   	gaoji.png	1	1002|2002|3002|4002|10006	100000|100000|112500|50000|180000	40	11412	-1	0|0|0|0|0|24500	1800	24001|24051	1000	20106|21006|21056|21106|21156|21206|22001|22002|22003
11501	下辩	   	chuji.png	0	1003|2003|3003|4003|10008	40000|40000|40000|8000|180000	20	-1	11502|11503	0|0|0|0|0|31500	1700	-1	-1	20106|21006|21056|21106|21156|21206|22001|22002|22003
11502	马鸣阁	   	chuji.png	0	1003|2003|3003|4003|10009	47000|47000|47000|9400|211500	20	11501	-1	0|0|0|0|31500|0	1700	-1	-1	20106|21006|21056|21106|21156|21206|22001|22002|22003
11503	沔水	   	chuji.png	0	1003|2003|3003|4003|10010	50000|50000|50000|10000|225000	20	11501	11504	0|0|0|31500|0|0	1700	-1	-1	20106|21006|21056|21106|21156|21206|22001|22002|22003
11504	定军山东	   	chuji.png	0	1003|2003|3003|4003|10009	53000|53000|53000|10600|238500	20	11503	11505	0|0|31500|0|0|0	1700	-1	-1	20106|21006|21056|21106|21156|21206|22001|22002|22003
11505	定军山	   	chuji.png	0	1003|2003|3003|4003|10008	57000|57000|57000|11400|256500	20	11504	11506	0|31500|0|0|0|0	1700	-1	-1	20106|21006|21056|21106|21156|21206|22001|22002|22003
11506	定军山南	   	chuji.png	0	1003|2003|3003|4003|10010	60000|60000|60000|12000|270000	20	11505	11507	0|0|0|0|0|31500	1700	-1	-1	20106|21006|21056|21106|21156|21206|22001|22002|22003
11507	阳平关北	   	chuji.png	0	1003|2003|3003|4003|10008	65000|65000|65000|13000|292500	20	11506	11508	0|0|0|0|31500|0	1700	-1	-1	20106|21006|21056|21106|21156|21206|22001|22002|22003
11508	阳平关西	   	chuji.png	0	1003|2003|3003|4003|10008	70000|70000|70000|14000|315000	20	11507	11509|11511|11512	0|0|0|31500|0|0	1700	-1	-1	20106|21006|21056|21106|21156|21206|22001|22002|22003
11509	阳平关东	   	chuji.png	0	1003|2003|3003|4003|10009	75000|75000|75000|15000|337500	20	11508	11510	0|0|31500|0|0|0	1700	-1	-1	20106|21006|21056|21106|21156|21206|22001|22002|22003
11510	阳平关	   	chuji.png	0	1003|2003|3003|4003|10010	80000|80000|80000|16000|360000	20	11509	-1	0|31500|0|0|0|0	1700	-1	-1	20106|21006|21056|21106|21156|21206|22001|22002|22003
11511	阳平关南	   	chuji.png	0	1003|2003|3003|4003|10008	85000|85000|85000|17000|382500	20	11508	-1	0|0|0|0|0|31500	1700	-1	-1	20106|21006|21056|21106|21156|21206|22001|22002|22003
11512	魏兴	   	chuji.png	0	1003|2003|3003|4003|10009	90000|90000|90000|18000|405000	20	11508	11513	0|0|0|0|31500|0	1700	-1	-1	20106|21006|21056|21106|21156|21206|22001|22002|22003
11513	上庸	   	chuji.png	0	1003|2003|3003|4003|10010	95000|95000|95000|19000|427500	20	11512	11514	0|0|0|31500|0|0	1700	-1	-1	20106|21006|21056|21106|21156|21206|22001|22002|22003
11514	新城	   	gaoji.png	1	1003|2003|3003|4003|10008	100000|100000|100000|20000|450000	40	11513	-1	0|34000|0|0|0|0	1900	24001|24051	1000	20106|21006|21056|21106|21156|21206|22001|22002|22003
11601	汉中	   	chuji.png	0	1003|2003|3003|4003|10010	102000|102000|68000|68000|204000	20	-1	11602|11603	0|36000|0|0|0|0	1800	-1	-1	20106|21006|21056|21106|21156|21206|22001|22002|22003
11602	樊城	   	chuji.png	0	1003|2003|3003|4003|10009	105000|105000|70000|70000|210000	20	11601	-1	0|0|36000|0|0|0	1800	-1	-1	20106|21006|21056|21106|21156|21206|22001|22002|22003
11603	樊城北	   	chuji.png	0	1003|2003|3003|4003|10010	108000|108000|72000|72000|216000	20	11601	11604	0|0|0|36000|0|0	1800	-1	-1	20106|21006|21056|21106|21156|21206|22001|22002|22003
11604	樊城东	   	chuji.png	0	1003|2003|3003|4003|10009	111000|111000|74000|74000|222000	20	11603	11605	0|0|0|0|36000|0	1800	-1	-1	20106|21006|21056|21106|21156|21206|22001|22002|22003
11605	樊城南	   	chuji.png	0	1003|2003|3003|4003|10010	114000|114000|76000|76000|228000	20	11604	11606	0|0|0|0|0|36000	1800	-1	-1	20106|21006|21056|21106|21156|21206|22001|22002|22003
11606	襄阳北	   	chuji.png	0	1003|2003|3003|4003|10010	117000|117000|78000|78000|234000	20	11605	11607	0|36000|0|0|0|0	1800	-1	-1	20106|21006|21056|21106|21156|21206|22001|22002|22003
11607	襄阳西	   	chuji.png	0	1003|2003|3003|4003|10008	120000|120000|80000|80000|240000	20	11606	11608	0|0|36000|0|0|0	1800	-1	-1	20106|21006|21056|21106|21156|21206|22001|22002|22003
11608	襄阳	   	chuji.png	0	1003|2003|3003|4003|10009	123000|123000|82000|82000|246000	20	11607	11609|11611|11612	0|0|0|36000|0|0	1800	-1	-1	20106|21006|21056|21106|21156|21206|22001|22002|22003
11609	襄阳南	   	chuji.png	0	1003|2003|3003|4003|10008	126000|126000|84000|84000|252000	20	11608	11610	0|0|0|0|36000|0	1800	-1	-1	20106|21006|21056|21106|21156|21206|22001|22002|22003
11610	偃城	   	chuji.png	0	1003|2003|3003|4003|10010	129000|129000|86000|86000|258000	20	11609	-1	0|0|0|0|0|36000	1800	-1	-1	20106|21006|21056|21106|21156|21206|22001|22002|22003
11611	南郡	   	chuji.png	0	1003|2003|3003|4003|10008	133500|133500|89000|89000|267000	20	11608	-1	0|36000|0|0|0|0	1800	-1	-1	20106|21006|21056|21106|21156|21206|22001|22002|22003
11612	公安	   	chuji.png	0	1003|2003|3003|4003|10008	138000|138000|92000|92000|276000	20	11608	11613	0|0|36000|0|0|0	1800	-1	-1	20106|21006|21056|21106|21156|21206|22001|22002|22003
11613	江陵	   	chuji.png	0	1003|2003|3003|4003|10010	142500|142500|95000|95000|285000	20	11612	11614	0|0|0|36000|0|0	1800	-1	-1	20106|21006|21056|21106|21156|21206|22001|22002|22003
11614	麦城	   	gaoji.png	1	1003|2003|3003|4003|10008	150000|150000|100000|100000|300000	40	11613	-1	0|0|38000|0|0|0	2000	24001|24051	1000	20106|21006|21056|21106|21156|21206|22001|22002|22003
11701	巫山	   	chuji.png	0	1003|2003|3003|4003|10008	160000|120000|160000|80000|240000	20	-1	11702|11703	0|40500|0|0|0|0	1900	-1	-1	20106|21006|21056|21106|21156|21206|22001|22002|22003
11702	峡口	   	chuji.png	0	1003|2003|3003|4003|10010	162000|121500|162000|81000|243000	20	11701	-1	0|0|40500|0|0|0	1900	-1	-1	20106|21006|21056|21106|21156|21206|22001|22002|22003
11703	巫地	   	chuji.png	0	1003|2003|3003|4003|10009	164000|123000|164000|82000|246000	20	11701	11704	0|0|0|40500|0|0	1900	-1	-1	20106|21006|21056|21106|21156|21206|22001|22002|22003
11704	秭归	   	chuji.png	0	1003|2003|3003|4003|10010	166000|124500|166000|83000|249000	20	11703	11705	0|0|0|0|40500|0	1900	-1	-1	20106|21006|21056|21106|21156|21206|22001|22002|22003
11705	武陵	   	chuji.png	0	1003|2003|3003|4003|10010	168000|126000|168000|84000|252000	20	11704	11706	0|0|0|0|0|40500	1900	-1	-1	20106|21006|21056|21106|21156|21206|22001|22002|22003
11706	夷道	   	chuji.png	0	1003|2003|3003|4003|10008	170000|127500|170000|85000|255000	20	11705	11707	0|40500|0|0|0|0	1900	-1	-1	20106|21006|21056|21106|21156|21206|22001|22002|22003
11707	猇亭	   	chuji.png	0	1003|2003|3003|4003|10009	172000|129000|172000|86000|258000	20	11706	11708	0|0|40500|0|0|0	1900	-1	-1	20106|21006|21056|21106|21156|21206|22001|22002|22003
11708	夷陵	   	chuji.png	0	1003|2003|3003|4003|10008	176000|132000|176000|88000|264000	20	11707	11709|11711|11712	0|0|0|40500|0|0	1900	-1	-1	20106|21006|21056|21106|21156|21206|22001|22002|22003
11709	巫峡	   	chuji.png	0	1003|2003|3003|4003|10010	180000|135000|180000|90000|270000	20	11708	11710	0|0|0|0|40500|0	1900	-1	-1	20106|21006|21056|21106|21156|21206|22001|22002|22003
11710	建平	   	chuji.png	0	1003|2003|3003|4003|10009	184000|138000|184000|92000|276000	20	11709	-1	0|0|0|0|0|40500	1900	-1	-1	20106|21006|21056|21106|21156|21206|22001|22002|22003
11711	涿乡	   	chuji.png	0	1003|2003|3003|4003|10008	188000|141000|188000|94000|282000	20	11708	-1	0|40500|0|0|0|0	1900	-1	-1	20106|21006|21056|21106|21156|21206|22001|22002|22003
11712	马鞍山	   	chuji.png	0	1003|2003|3003|4003|10009	192000|144000|192000|96000|288000	20	11708	11713	0|0|40500|0|0|0	1900	-1	-1	20106|21006|21056|21106|21156|21206|22001|22002|22003
11713	石门山	   	chuji.png	0	1003|2003|3003|4003|10008	196000|147000|196000|98000|294000	20	11712	11714	0|0|0|40500|0|0	1900	-1	-1	20106|21006|21056|21106|21156|21206|22001|22002|22003
11714	白帝城	   	gaoji.png	1	1003|2003|3003|4003|10008	200000|150000|200000|100000|300000	40	11713	-1	0|0|0|42000|0|0	2100	24001|24051	1000	20106|21006|21056|21106|21156|21206|22001|22002|22003
11801	平夷	   	chuji.png	0	1003|2003|3003|4003|10008	166000|207500|166000|83000|498000	20	-1	11802|11803	0|45000|0|0|0|0	2000	-1	-1	20106|21006|21056|21106|21156|21206|22001|22002|22003
11802	建宁	   	chuji.png	0	1003|2003|3003|4003|10009	168000|210000|168000|84000|504000	20	11801	-1	0|0|45000|0|0|0	2000	-1	-1	20106|21006|21056|21106|21156|21206|22001|22002|22003
11803	且兰	   	chuji.png	0	1003|2003|3003|4003|10008	170000|212500|170000|85000|510000	20	11801	11804	0|0|0|45000|0|0	2000	-1	-1	20106|21006|21056|21106|21156|21206|22001|22002|22003
11804	牂牁	   	chuji.png	0	1003|2003|3003|4003|10009	172000|215000|172000|86000|516000	20	11803	11805	0|0|0|0|45000|0	2000	-1	-1	20106|21006|21056|21106|21156|21206|22001|22002|22003
11805	越巂	   	chuji.png	0	1003|2003|3003|4003|10009	174000|217500|174000|87000|522000	20	11804	11806	0|0|0|0|0|45000	2000	-1	-1	20106|21006|21056|21106|21156|21206|22001|22002|22003
11806	南中	   	chuji.png	0	1003|2003|3003|4003|10009	176000|220000|176000|88000|528000	20	11805	11807	0|45000|0|0|0|0	2000	-1	-1	20106|21006|21056|21106|21156|21206|22001|22002|22003
11807	渡泸	   	chuji.png	0	1003|2003|3003|4003|10008	178000|222500|178000|89000|534000	20	11806	11808	0|0|45000|0|0|0	2000	-1	-1	20106|21006|21056|21106|21156|21206|22001|22002|22003
11808	白崖	   	chuji.png	0	1003|2003|3003|4003|10010	180000|225000|180000|90000|540000	20	11807	11809|11811|11812	0|0|0|45000|0|0	2000	-1	-1	20106|21006|21056|21106|21156|21206|22001|22002|22003
11809	豪猪洞	   	chuji.png	0	1003|2003|3003|4003|10008	182000|227500|182000|91000|546000	20	11808	11810	0|0|0|0|45000|0	2000	-1	-1	20106|21006|21056|21106|21156|21206|22001|22002|22003
11810	佛光寨	   	chuji.png	0	1003|2003|3003|4003|10010	186000|232500|186000|93000|558000	20	11809	-1	0|0|0|0|0|45000	2000	-1	-1	20106|21006|21056|21106|21156|21206|22001|22002|22003
11811	治渠山	   	chuji.png	0	1003|2003|3003|4003|10010	190000|237500|190000|95000|570000	20	11808	-1	0|45000|0|0|0|0	2000	-1	-1	20106|21006|21056|21106|21156|21206|22001|22002|22003
11812	爱甸	   	chuji.png	0	1003|2003|3003|4003|10008	194000|242500|194000|97000|582000	20	11808	11813	0|0|45000|0|0|0	2000	-1	-1	20106|21006|21056|21106|21156|21206|22001|22002|22003
11813	怒江西	   	chuji.png	0	1003|2003|3003|4003|10010	198000|247500|198000|99000|594000	20	11812	11814	0|0|0|45000|0|0	2000	-1	-1	20106|21006|21056|21106|21156|21206|22001|22002|22003
11814	蹯蛇谷	   	gaoji.png	1	1003|2003|3003|4003|10008	200000|250000|200000|100000|600000	40	11813	-1	0|0|0|0|47000|0	2200	24001|24051	1000	20106|21006|21056|21106|21156|21206|22001|22002|22003
11901	皖城北	   	chuji.png	0	1003|2003|3003|4003|10008	215000|215000|215000|43000|1161000	20	-1	11902|11903	0|67500|0|0|0|0	2100	-1	-1	20106|21006|21056|21106|21156|21206|22001|22002|22003
11902	皖城西	   	chuji.png	0	1003|2003|3003|4003|10009	217500|217500|217500|43500|1174500	20	11901	-1	0|0|67500|0|0|0	2100	-1	-1	20106|21006|21056|21106|21156|21206|22001|22002|22003
11903	皖城	   	chuji.png	0	1003|2003|3003|4003|10009	220000|220000|220000|44000|1188000	20	11901	11904	0|0|0|67500|0|0	2100	-1	-1	20106|21006|21056|21106|21156|21206|22001|22002|22003
11904	江陵	   	chuji.png	0	1003|2003|3003|4003|10008	222500|222500|222500|44500|1201500	20	11903	11905	0|0|0|0|67500|0	2100	-1	-1	20106|21006|21056|21106|21156|21206|22001|22002|22003
11905	东关	   	chuji.png	0	1003|2003|3003|4003|10009	225000|225000|225000|45000|1215000	20	11904	11906	0|0|0|0|0|67500	2100	-1	-1	20106|21006|21056|21106|21156|21206|22001|22002|22003
11906	皖口北	   	chuji.png	0	1003|2003|3003|4003|10008	227500|227500|227500|45500|1228500	20	11905	11907	0|67500|0|0|0|0	2100	-1	-1	20106|21006|21056|21106|21156|21206|22001|22002|22003
11907	皖西	   	chuji.png	0	1003|2003|3003|4003|10009	230000|230000|230000|46000|1242000	20	11906	11908	0|0|67500|0|0|0	2100	-1	-1	20106|21006|21056|21106|21156|21206|22001|22002|22003
11908	皖口	   	chuji.png	0	1003|2003|3003|4003|10010	232500|232500|232500|46500|1255500	20	11907	11909|11911|11912	0|0|0|67500|0|0	2100	-1	-1	20106|21006|21056|21106|21156|21206|22001|22002|22003
11909	夹石	   	chuji.png	0	1003|2003|3003|4003|10008	235000|235000|235000|47000|1269000	20	11908	11910	0|0|0|0|67500|0	2100	-1	-1	20106|21006|21056|21106|21156|21206|22001|22002|22003
11910	石亭北	   	chuji.png	0	1003|2003|3003|4003|10010	237500|237500|237500|47500|1282500	20	11909	-1	0|0|0|0|0|67500	2100	-1	-1	20106|21006|21056|21106|21156|21206|22001|22002|22003
11911	石亭西	   	chuji.png	0	1003|2003|3003|4003|10008	240000|240000|240000|48000|1296000	20	11908	-1	0|67500|0|0|0|0	2100	-1	-1	20106|21006|21056|21106|21156|21206|22001|22002|22003
11912	石亭东	   	chuji.png	0	1003|2003|3003|4003|10010	242500|242500|242500|48500|1309500	20	11908	11913	0|0|67500|0|0|0	2100	-1	-1	20106|21006|21056|21106|21156|21206|22001|22002|22003
11913	石亭南	   	chuji.png	0	1003|2003|3003|4003|10008	245000|245000|245000|49000|1323000	20	11912	11914	0|0|0|67500|0|0	2100	-1	-1	20106|21006|21056|21106|21156|21206|22001|22002|22003
11914	石亭	   	gaoji.png	1	1003|2003|3003|4003|10008	250000|250000|250000|50000|1350000	40	11913	-1	0|0|0|0|0|80000	2300	24001|24051	1000	20106|21006|21056|21106|21156|21206|22001|22002|22003
12001	箕谷北	   	judian.png	0	1004|2004|3004|4004|10011	172000|172000|172000|86000|412800	20	-1	12002|12003	0|108000|0|0|0|0	2200	-1	-1	20106|21006|21056|21106|21156|21206|22001|22002|22003
12002	箕谷	   	judian.png	0	1004|2004|3004|4004|10012	174000|174000|174000|87000|417600	20	12001	-1	0|0|108000|0|0|0	2200	-1	-1	20106|21006|21056|21106|21156|21206|22001|22002|22003
12003	郿城	   	judian.png	0	1004|2004|3004|4004|10013	176000|176000|176000|88000|422400	20	12001	12004	0|0|0|108000|0|0	2200	-1	-1	20106|21006|21056|21106|21156|21206|22001|22002|22003
12004	武都	   	judian.png	0	1004|2004|3004|4004|10012	178000|178000|178000|89000|427200	20	12003	12005	0|0|0|0|108000|0	2200	-1	-1	20106|21006|21056|21106|21156|21206|22001|22002|22003
12005	下辨	   	judian.png	0	1004|2004|3004|4004|10013	180000|180000|180000|90000|432000	20	12004	12006	0|0|0|0|0|108000	2200	-1	-1	20106|21006|21056|21106|21156|21206|22001|22002|22003
12006	祁山北	   	judian.png	0	1004|2004|3004|4004|10011	182000|182000|182000|91000|436800	20	12005	12007	0|108000|0|0|0|0	2200	-1	-1	20106|21006|21056|21106|21156|21206|22001|22002|22003
12007	祁山西	   	judian.png	0	1004|2004|3004|4004|10013	184000|184000|184000|92000|441600	20	12006	12008	0|0|108000|0|0|0	2200	-1	-1	20106|21006|21056|21106|21156|21206|22001|22002|22003
12008	祁山	   	judian.png	0	1004|2004|3004|4004|10012	186000|186000|186000|93000|446400	20	12007	12009|12011|12012	0|0|0|108000|0|0	2200	-1	-1	20106|21006|21056|21106|21156|21206|22001|22002|22003
12009	祁山南	   	judian.png	0	1004|2004|3004|4004|10011	188000|188000|188000|94000|451200	20	12008	12010	0|0|0|0|108000|0	2200	-1	-1	20106|21006|21056|21106|21156|21206|22001|22002|22003
12010	祁山东	   	judian.png	0	1004|2004|3004|4004|10012	190000|190000|190000|95000|456000	20	12009	-1	0|0|0|0|0|108000	2200	-1	-1	20106|21006|21056|21106|21156|21206|22001|22002|22003
12011	街亭	   	judian.png	0	1004|2004|3004|4004|10013	192000|192000|192000|96000|460800	20	12008	-1	0|108000|0|0|0|0	2200	-1	-1	20106|21006|21056|21106|21156|21206|22001|22002|22003
12012	街亭东	   	judian.png	0	1004|2004|3004|4004|10011	194000|194000|194000|97000|465600	20	12008	12013	0|0|108000|0|0|0	2200	-1	-1	20106|21006|21056|21106|21156|21206|22001|22002|22003
12013	街亭南	   	judian.png	0	1004|2004|3004|4004|10013	196000|196000|196000|98000|470400	20	12012	12014	0|0|0|108000|0|0	2200	-1	-1	20106|21006|21056|21106|21156|21206|22001|22002|22003
12014	街亭西	   	judian.png	0	1004|2004|3004|4004|10011	198000|198000|198000|99000|475200	20	12013	12015	0|0|0|0|108000|0	2200	-1	-1	20106|21006|21056|21106|21156|21206|22001|22002|22003
12015	陈仓	   	judian.png	1	1004|2004|3004|4004|10011	200000|200000|200000|100000|480000	40	12014	-1	0|0|0|0|0|110000	2400	24001|24051	1000	20106|21006|21056|21106|21156|21206|22001|22002|22003
12101	汉中	   	judian.png	0	1004|2004|3004|4004|10011	150000|150000|150000|175000|1080000	20	-1	12002|12103	0|135000|0|0|0|0	2300	-1	-1	20106|21006|21056|21106|21156|21206|22001|22002|22003
12102	汉中西	   	judian.png	0	1004|2004|3004|4004|10012	159000|159000|159000|185500|1144800	20	12101	-1	0|0|135000|0|0|0	2300	-1	-1	20106|21006|21056|21106|21156|21206|22001|22002|22003
12103	汉中北	   	judian.png	0	1004|2004|3004|4004|10012	171000|171000|171000|199500|1231200	20	12101	12104	0|0|0|135000|0|0	2300	-1	-1	20106|21006|21056|21106|21156|21206|22001|22002|22003
12104	斜谷口	   	judian.png	0	1004|2004|3004|4004|10011	180000|180000|180000|210000|1296000	20	12103	12105	0|0|0|0|135000|0	2300	-1	-1	20106|21006|21056|21106|21156|21206|22001|22002|22003
12105	斜谷	   	judian.png	0	1004|2004|3004|4004|10013	189000|189000|189000|220500|1360800	20	12104	12106	0|0|0|0|0|135000	2300	-1	-1	20106|21006|21056|21106|21156|21206|22001|22002|22003
12106	斜谷北	   	judian.png	0	1004|2004|3004|4004|10013	201000|201000|201000|234500|1447200	20	12105	12107	0|135000|0|0|0|0	2300	-1	-1	20106|21006|21056|21106|21156|21206|22001|22002|22003
12107	郿县	   	judian.png	0	1004|2004|3004|4004|10012	210000|210000|210000|245000|1512000	20	12106	12108	0|0|135000|0|0|0	2300	-1	-1	20106|21006|21056|21106|21156|21206|22001|22002|22003
12108	渭水南	   	judian.png	0	1004|2004|3004|4004|10013	219000|219000|219000|255500|1576800	20	12107	12109|12111|12112	0|0|0|135000|0|0	2300	-1	-1	20106|21006|21056|21106|21156|21206|22001|22002|22003
12109	渭水	   	judian.png	0	1004|2004|3004|4004|10013	231000|231000|231000|269500|1663200	20	12108	12110	0|0|0|0|135000|0	2300	-1	-1	20106|21006|21056|21106|21156|21206|22001|22002|22003
12110	渭水北	   	judian.png	0	1004|2004|3004|4004|10011	240000|240000|240000|280000|1728000	20	12109	-1	0|0|0|0|0|135000	2300	-1	-1	20106|21006|21056|21106|21156|21206|22001|22002|22003
12111	五丈原南	   	judian.png	0	1004|2004|3004|4004|10012	249000|249000|249000|290500|1792800	20	12108	-1	0|135000|0|0|0|0	2300	-1	-1	20106|21006|21056|21106|21156|21206|22001|22002|22003
12112	五丈原西	   	judian.png	0	1004|2004|3004|4004|10013	261000|261000|261000|304500|1879200	20	12108	12113	0|0|135000|0|0|0	2300	-1	-1	20106|21006|21056|21106|21156|21206|22001|22002|22003
12113	五丈原东	   	judian.png	0	1004|2004|3004|4004|10011	270000|270000|270000|315000|1944000	20	12112	12114	0|0|0|135000|0|0	2300	-1	-1	20106|21006|21056|21106|21156|21206|22001|22002|22003
12114	五丈原	   	judian.png	0	1004|2004|3004|4004|10013	285000|285000|285000|332500|2052000	20	12113	12115	0|0|0|0|135000|0	2300	-1	-1	20106|21006|21056|21106|21156|21206|22001|22002|22003
12115	五丈原北	   	judian.png	1	1004|2004|3004|4004|10011	300000|300000|300000|350000|2160000	40	12114	-1	0|0|0|0|0|150000	2300	24001|24051	1000	20106|21006|21056|21106|21156|21206|22001|22002|22003
