任务ID	任务名称	任务描述	所属分类	所属组	任务前序	任务后序	任务类型	达到参数1	达到参数2	奖励ID
sid	name	text	type		lastSid	nextSid	showtype	parameter1	parameter2	
sid	name	text	type	group	lastSid	nextSid	showtype	parameter1	parameter2	reward
INT	string	string	INT	INT	INT	INT	INT	INT	INT	INTS
1001	农田	在城外建造农田	1	1	-1	1002	1	1002	1	1001
1002	伐木场	在城外建造伐木场	1	1	1001	1003	1	1003	1	1002
1003	铁矿场	在城外建造铁矿场	1	1	1002	1004	1	1004	1	1003
1004	采石场	在城外建造采石场	1	1	1003	1005	1	1005	1	1004
1005	仓库	在城内建造仓库	1	1	1004	1006	1	1006	1	1005
1006	书院	在城内建造书院	1	1	1005	1007	1	1007	1	1006
1007	兵营	在城内建造兵营	1	1	1006	1008	1	1009	1	1007
1008	铁匠铺	在城内建造铁匠铺	1	1	1007	1009	1	1011	1	1008
1009	医馆	在城内建造医馆	1	1	1008	1010	1	1014	1	1009
1010	钱庄	在城内建造钱庄	1	1	1009	1011	1	1017	1	1010
1011	别院	在城内建造别院	1	1	1010	1012	1	1020	1	1011
1012	壮大实力	升级府邸至 Lv.3	1	1	1011	1013	1	1001	3	1012
1013	壮大实力	升级府邸至 Lv.4	1	1	1012	1014	1	1001	4	1013
1014	壮大实力	升级府邸至 Lv.5	1	1	1013	1015	1	1001	5	1014
1015	集市	在城内建造集市	1	1	1014	1016	1	1015	1	1015
1016	壮大实力	升级府邸至 Lv.6	1	1	1015	1017	1	1001	6	1016
1017	使馆	在城内建造使馆	1	1	1016	1018	1	1010	1	1017
1018	军政厅	在城内建造军政厅	1	1	1017	1019	1	1013	1	1018
1019	壮大实力	升级府邸至 Lv.7	1	1	1018	1020	1	1001	7	1019
1020	壮大实力	升级府邸至 Lv.8	1	1	1019	1021	1	1001	8	1020
1021	壮大实力	升级府邸至 Lv.9	1	1	1020	1022	1	1001	9	1021
1022	壮大实力	升级府邸至 Lv.10	1	1	1021	1023	1	1001	10	1022
1023	地牢	在城内建造地牢	1	1	1022	1024	1	1016	10	1023
1024	壮大实力	升级府邸至 Lv.11	1	1	1023	1025	1	1001	11	1024
1025	壮大实力	升级府邸至 Lv.12	1	1	1024	1026	1	1001	12	1025
1026	壮大实力	升级府邸至 Lv.13	1	1	1025	1027	1	1001	13	1026
1027	壮大实力	升级府邸至 Lv.14	1	1	1026	1028	1	1001	14	1027
1028	壮大实力	升级府邸至 Lv.15	1	1	1027	1029	1	1001	15	1028
1029	祭坛	在城内建造祭坛	1	1	1028	1030	1	1008	1	1029
1030	壮大实力	升级府邸至 Lv.16	1	1	1029	1031	1	1001	16	1030
1031	壮大实力	升级府邸至 Lv.17	1	1	1030	1032	1	1001	17	1031
1032	壮大实力	升级府邸至 Lv.18	1	1	1031	1033	1	1001	18	1032
1033	壮大实力	升级府邸至 Lv.19	1	1	1032	1034	1	1001	19	1033
1034	壮大实力	升级府邸至 Lv.20	1	1	1033	1035	1	1001	20	1034
1035	壮大实力	升级府邸至 Lv.21	1	1	1034	-1	1	1001	21	1035
2101	步兵	训练步兵 × 50	2	2	-1	2102	3	1	50	2101
2102	步兵	训练步兵 × 200	2	2	2101	2103	3	1	200	2102
2103	步兵	训练步兵 × 1000	2	2	2102	2104	3	1	1000	2103
2104	步兵	训练步兵 × 3000	2	2	2103	2105	3	1	3000	2104
2105	步兵	训练步兵 × 5000	2	2	2104	2106	3	1	5000	2105
2106	步兵	训练步兵 × 10000	2	2	2105	-1	3	1	10000	2106
2201	骑兵	训练骑兵 × 50	2	3	-1	2202	3	3	50	2201
2202	骑兵	训练骑兵 × 200	2	3	2201	2203	3	3	200	2202
2203	骑兵	训练骑兵 × 1000	2	3	2202	2204	3	3	1000	2203
2204	骑兵	训练骑兵 × 3000	2	3	2203	2205	3	3	3000	2204
2205	骑兵	训练骑兵 × 5000	2	3	2204	2206	3	3	5000	2205
2206	骑兵	训练骑兵 × 10000	2	3	2205	-1	3	3	10000	2206
2301	弩兵	训练弩兵 × 50	2	4	-1	2302	3	2	50	2301
2302	弩兵	训练弩兵 × 200	2	4	2301	2303	3	2	200	2302
2303	弩兵	训练弩兵 × 1000	2	4	2302	2304	3	2	1000	2303
2304	弩兵	训练弩兵 × 3000	2	4	2303	2305	3	2	3000	2304
2305	弩兵	训练弩兵 × 5000	2	4	2304	2306	3	2	5000	2305
2306	弩兵	训练弩兵 × 10000	2	4	2305	-1	3	2	10000	2306
2401	攻城兵	训练攻城兵 × 50	2	5	-1	2402	3	4	50	2401
2402	攻城兵	训练攻城兵 × 200	2	5	2401	2403	3	4	200	2402
2403	攻城兵	训练攻城兵 × 1000	2	5	2402	2404	3	4	1000	2403
2404	攻城兵	训练攻城兵 × 3000	2	5	2403	2405	3	4	3000	2404
2405	攻城兵	训练攻城兵 × 5000	2	5	2404	2406	3	4	5000	2405
2406	攻城兵	训练攻城兵 × 10000	2	5	2405	-1	3	4	10000	2406
2501	砖墙	建造砖墙 × 50	2	6	-1	2502	14	10001	50	2501
2502	砖墙	建造砖墙 × 1000	2	6	2501	2503	14	10001	1000	2502
2503	砖墙	建造砖墙 × 5000	2	6	2502	2504	14	10001	5000	2503
2504	地刺	建造地刺 × 50	2	6	2503	2505	14	10003	50	2504
2505	地刺	建造地刺 × 1000	2	6	2504	2506	14	10003	1000	2505
2506	地刺	建造地刺 × 5000	2	6	2505	2507	14	10003	5000	2506
2507	箭塔	建造箭塔 × 50	2	6	2506	2508	14	10002	50	2507
2508	箭塔	建造箭塔 × 1000	2	6	2507	2509	14	10002	1000	2508
2509	箭塔	建造箭塔 × 5000	2	6	2508	2510	14	10002	5000	2509
2510	滚木	建造滚木 × 50	2	6	2509	2511	14	10004	50	2510
2511	滚木	建造滚木 × 1000	2	6	2510	2512	14	10004	1000	2511
2512	滚木	建造滚木 × 5000	2	6	2511	2513	14	10004	5000	2512
2513	弩机	建造弩机 × 50	2	6	2512	2514	14	10006	50	2513
2514	弩机	建造弩机 × 1000	2	6	2513	2515	14	10006	1000	2514
2515	弩机	建造弩机 × 5000	2	6	2514	2516	14	10006	5000	2515
2516	火油	建造火油 × 50	2	6	2515	2517	14	10005	50	2516
2517	火油	建造火油 × 1000	2	6	2516	2518	14	10005	1000	2517
2518	火油	建造火油 × 5000	2	6	2517	2519	14	10005	5000	2518
2519	捕夹	建造捕夹 × 50	2	6	2518	2520	14	10007	50	2519
2520	捕夹	建造捕夹 × 1000	2	6	2519	2521	14	10007	1000	2520
2521	捕夹	建造捕夹 × 5000	2	6	2520	2522	14	10007	5000	2521
2522	抛石机	建造抛石机 × 50	2	6	2521	2523	14	10009	50	2522
2523	抛石机	建造抛石机 × 1000	2	6	2522	2524	14	10009	1000	2523
2524	抛石机	建造抛石机 × 5000	2	6	2523	2525	14	10009	5000	2524
2525	荆棘丛	建造荆棘丛 × 50	2	6	2524	2526	14	10008	50	2525
2526	荆棘丛	建造荆棘丛 × 1000	2	6	2525	2527	14	10008	1000	2526
2527	荆棘丛	建造荆棘丛 × 5000	2	6	2526	2528	14	10008	5000	2527
2528	机关镖	建造机关镖 × 50	2	6	2527	2529	14	10010	50	2528
2529	机关镖	建造机关镖 × 1000	2	6	2528	2530	14	10010	1000	2529
2530	机关镖	建造机关镖 × 5000	2	6	2529	2531	14	10010	5000	2530
2531	火石机	建造火石机 × 50	2	6	2530	2532	14	10012	50	2531
2532	火石机	建造火石机 × 1000	2	6	2531	2533	14	10012	1000	2532
2533	火石机	建造火石机 × 5000	2	6	2532	2534	14	10012	5000	2533
2534	火箭弩	建造火箭弩 × 50	2	6	2533	2535	14	10011	50	2534
2535	火箭弩	建造火箭弩 × 1000	2	6	2534	2536	14	10011	1000	2535
2536	火箭弩	建造火箭弩 × 5000	2	6	2535	2537	14	10011	5000	2536
2537	尖刺墙	建造尖刺墙 × 50	2	6	2536	2538	14	10013	50	2537
2538	尖刺墙	建造尖刺墙 × 1000	2	6	2537	2539	14	10013	1000	2538
2539	尖刺墙	建造尖刺墙 × 5000	2	6	2538	-1	14	10013	5000	2539
3001	农田改良	升级农田至 Lv.2	3	7	-1	3002	1	1002	2	3001
3002	伐木改良	升级伐木场至 Lv.2	3	7	3001	3003	1	1003	2	3002
3003	采矿改良	升级铁矿场至 Lv.2	3	7	3002	3004	1	1004	2	3003
3004	采石改良	升级采石场至 Lv.2	3	7	3003	3005	1	1005	2	3004
3005	钱庄扩张	升级钱庄至 Lv.2	3	7	3004	3006	1	1017	2	3005
3006	农田改良	升级农田至 Lv.3	3	7	3005	3007	1	1002	3	3006
3007	伐木改良	升级伐木场至 Lv.3	3	7	3006	3008	1	1003	3	3007
3008	采矿改良	升级铁矿场至 Lv.3	3	7	3007	3009	1	1004	3	3008
3009	采石改良	升级采石场至 Lv.3	3	7	3008	3010	1	1005	3	3009
3010	钱庄扩张	升级钱庄至 Lv.3	3	7	3009	3011	1	1017	3	3010
3011	农田改良	升级农田至 Lv.4	3	7	3010	3012	1	1002	4	3011
3012	伐木改良	升级伐木场至 Lv.4	3	7	3011	3013	1	1003	4	3012
3013	采矿改良	升级铁矿场至 Lv.4	3	7	3012	3014	1	1004	4	3013
3014	采石改良	升级采石场至 Lv.4	3	7	3013	3015	1	1005	4	3014
3015	钱庄扩张	升级钱庄至 Lv.4	3	7	3014	3016	1	1017	4	3015
3016	农田改良	升级农田至 Lv.5	3	7	3015	3017	1	1002	5	3016
3017	伐木改良	升级伐木场至 Lv.5	3	7	3016	3018	1	1003	5	3017
3018	采矿改良	升级铁矿场至 Lv.5	3	7	3017	3019	1	1004	5	3018
3019	采石改良	升级采石场至 Lv.5	3	7	3018	3020	1	1005	5	3019
3020	钱庄扩张	升级钱庄至 Lv.5	3	7	3019	3021	1	1017	5	3020
3021	农田改良	升级农田至 Lv.6	3	7	3020	3022	1	1002	6	3021
3022	伐木改良	升级伐木场至 Lv.6	3	7	3021	3023	1	1003	6	3022
3023	采矿改良	升级铁矿场至 Lv.6	3	7	3022	3024	1	1004	6	3023
3024	采石改良	升级采石场至 Lv.6	3	7	3023	3025	1	1005	6	3024
3025	钱庄扩张	升级钱庄至 Lv.6	3	7	3024	3026	1	1017	6	3025
3026	农田改良	升级农田至 Lv.7	3	7	3025	3027	1	1002	7	3026
3027	伐木改良	升级伐木场至 Lv.7	3	7	3026	3028	1	1003	7	3027
3028	采矿改良	升级铁矿场至 Lv.7	3	7	3027	3029	1	1004	7	3028
3029	采石改良	升级采石场至 Lv.7	3	7	3028	3030	1	1005	7	3029
3030	钱庄扩张	升级钱庄至 Lv.7	3	7	3029	3031	1	1017	7	3030
3031	农田改良	升级农田至 Lv.8	3	7	3030	3032	1	1002	8	3031
3032	伐木改良	升级伐木场至 Lv.8	3	7	3031	3033	1	1003	8	3032
3033	采矿改良	升级铁矿场至 Lv.8	3	7	3032	3034	1	1004	8	3033
3034	采石改良	升级采石场至 Lv.8	3	7	3033	3035	1	1005	8	3034
3035	钱庄扩张	升级钱庄至 Lv.8	3	7	3034	3036	1	1017	8	3035
3036	农田改良	升级农田至 Lv.9	3	7	3035	3037	1	1002	9	3036
3037	伐木改良	升级伐木场至 Lv.9	3	7	3036	3038	1	1003	9	3037
3038	采矿改良	升级铁矿场至 Lv.9	3	7	3037	3039	1	1004	9	3038
3039	采石改良	升级采石场至 Lv.9	3	7	3038	3040	1	1005	9	3039
3040	钱庄扩张	升级钱庄至 Lv.9	3	7	3039	3041	1	1017	9	3040
3041	农田改良	升级农田至 Lv.10	3	7	3040	3042	1	1002	10	3041
3042	伐木改良	升级伐木场至 Lv.10	3	7	3041	3043	1	1003	10	3042
3043	采矿改良	升级铁矿场至 Lv.10	3	7	3042	3044	1	1004	10	3043
3044	采石改良	升级采石场至 Lv.10	3	7	3043	3045	1	1005	10	3044
3045	钱庄扩张	升级钱庄至 Lv.10	3	7	3044	3046	1	1017	10	3045
3046	农田改良	升级农田至 Lv.11	3	7	3045	3047	1	1002	11	3046
3047	伐木改良	升级伐木场至 Lv.11	3	7	3046	3048	1	1003	11	3047
3048	采矿改良	升级铁矿场至 Lv.11	3	7	3047	3049	1	1004	11	3048
3049	采石改良	升级采石场至 Lv.11	3	7	3048	3050	1	1005	11	3049
3050	钱庄扩张	升级钱庄至 Lv.11	3	7	3049	3051	1	1017	11	3050
3051	农田改良	升级农田至 Lv.12	3	7	3050	3052	1	1002	12	3051
3052	伐木改良	升级伐木场至 Lv.12	3	7	3051	3053	1	1003	12	3052
3053	采矿改良	升级铁矿场至 Lv.12	3	7	3052	3054	1	1004	12	3053
3054	采石改良	升级采石场至 Lv.12	3	7	3053	3055	1	1005	12	3054
3055	钱庄扩张	升级钱庄至 Lv.12	3	7	3054	3056	1	1017	12	3055
3056	农田改良	升级农田至 Lv.13	3	7	3055	3057	1	1002	13	3056
3057	伐木改良	升级伐木场至 Lv.13	3	7	3056	3058	1	1003	13	3057
3058	采矿改良	升级铁矿场至 Lv.13	3	7	3057	3059	1	1004	13	3058
3059	采石改良	升级采石场至 Lv.13	3	7	3058	3060	1	1005	13	3059
3060	钱庄扩张	升级钱庄至 Lv.13	3	7	3059	3061	1	1017	13	3060
3061	农田改良	升级农田至 Lv.14	3	7	3060	3062	1	1002	14	3061
3062	伐木改良	升级伐木场至 Lv.14	3	7	3061	3063	1	1003	14	3062
3063	采矿改良	升级铁矿场至 Lv.14	3	7	3062	3064	1	1004	14	3063
3064	采石改良	升级采石场至 Lv.14	3	7	3063	3065	1	1005	14	3064
3065	钱庄扩张	升级钱庄至 Lv.14	3	7	3064	3066	1	1017	14	3065
3066	农田改良	升级农田至 Lv.15	3	7	3065	3067	1	1002	15	3066
3067	伐木改良	升级伐木场至 Lv.15	3	7	3066	3068	1	1003	15	3067
3068	采矿改良	升级铁矿场至 Lv.15	3	7	3067	3069	1	1004	15	3068
3069	采石改良	升级采石场至 Lv.15	3	7	3068	3070	1	1005	15	3069
3070	钱庄扩张	升级钱庄至 Lv.15	3	7	3069	3071	1	1017	15	3070
3071	农田改良	升级农田至 Lv.16	3	7	3070	3072	1	1002	16	3071
3072	伐木改良	升级伐木场至 Lv.16	3	7	3071	3073	1	1003	16	3072
3073	采矿改良	升级铁矿场至 Lv.16	3	7	3072	3074	1	1004	16	3073
3074	采石改良	升级采石场至 Lv.16	3	7	3073	3075	1	1005	16	3074
3075	钱庄扩张	升级钱庄至 Lv.16	3	7	3074	3076	1	1017	16	3075
3076	农田改良	升级农田至 Lv.17	3	7	3075	3077	1	1002	17	3076
3077	伐木改良	升级伐木场至 Lv.17	3	7	3076	3078	1	1003	17	3077
3078	采矿改良	升级铁矿场至 Lv.17	3	7	3077	3079	1	1004	17	3078
3079	采石改良	升级采石场至 Lv.17	3	7	3078	3080	1	1005	17	3079
3080	钱庄扩张	升级钱庄至 Lv.17	3	7	3079	3081	1	1017	17	3080
3081	农田改良	升级农田至 Lv.18	3	7	3080	3082	1	1002	18	3081
3082	伐木改良	升级伐木场至 Lv.18	3	7	3081	3083	1	1003	18	3082
3083	采矿改良	升级铁矿场至 Lv.18	3	7	3082	3084	1	1004	18	3083
3084	采石改良	升级采石场至 Lv.18	3	7	3083	3085	1	1005	18	3084
3085	钱庄扩张	升级钱庄至 Lv.18	3	7	3084	3086	1	1017	18	3085
3086	农田改良	升级农田至 Lv.19	3	7	3085	3087	1	1002	19	3086
3087	伐木改良	升级伐木场至 Lv.19	3	7	3086	3088	1	1003	19	3087
3088	采矿改良	升级铁矿场至 Lv.19	3	7	3087	3089	1	1004	19	3088
3089	采石改良	升级采石场至 Lv.19	3	7	3088	3090	1	1005	19	3089
3090	钱庄扩张	升级钱庄至 Lv.19	3	7	3089	3091	1	1017	19	3090
3091	农田改良	升级农田至 Lv.20	3	7	3090	3092	1	1002	20	3091
3092	伐木改良	升级伐木场至 Lv.20	3	7	3091	3093	1	1003	20	3092
3093	采矿改良	升级铁矿场至 Lv.20	3	7	3092	3094	1	1004	20	3093
3094	采石改良	升级采石场至 Lv.20	3	7	3093	3095	1	1005	20	3094
3095	钱庄扩张	升级钱庄至 Lv.20	3	7	3094	3096	1	1017	20	3095
3096	农田改良	升级农田至 Lv.21	3	7	3095	3097	1	1002	21	3096
3097	伐木改良	升级伐木场至 Lv.21	3	7	3096	3098	1	1003	21	3097
3098	采矿改良	升级铁矿场至 Lv.21	3	7	3097	3099	1	1004	21	3098
3099	采石改良	升级采石场至 Lv.21	3	7	3098	3100	1	1005	21	3099
3100	钱庄扩张	升级钱庄至 Lv.21	3	7	3099	-1	1	1017	21	3100
3101	兵营扩张	升级兵营至 Lv.2	3	8	-1	3102	1	1009	2	3101
3102	城墙加固	升级城墙至 Lv.2	3	8	3101	3103	1	1018	2	3102
3103	医馆扩张	升级医馆至 Lv.2	3	8	3102	3104	1	1014	2	3103
3104	兵营扩张	升级兵营至 Lv.3	3	8	3103	3105	1	1009	3	3104
3105	城墙加固	升级城墙至 Lv.3	3	8	3104	3106	1	1018	3	3105
3106	医馆扩张	升级医馆至 Lv.3	3	8	3105	3107	1	1014	3	3106
3107	兵营扩张	升级兵营至 Lv.4	3	8	3106	3108	1	1009	4	3107
3108	城墙加固	升级城墙至 Lv.4	3	8	3107	3109	1	1018	4	3108
3109	医馆扩张	升级医馆至 Lv.4	3	8	3108	3110	1	1014	4	3109
3110	兵营扩张	升级兵营至 Lv.5	3	8	3109	3111	1	1009	5	3110
3111	城墙加固	升级城墙至 Lv.5	3	8	3110	3112	1	1018	5	3111
3112	医馆扩张	升级医馆至 Lv.5	3	8	3111	3113	1	1014	5	3112
3113	兵营扩张	升级兵营至 Lv.6	3	8	3112	3114	1	1009	6	3113
3114	城墙加固	升级城墙至 Lv.6	3	8	3113	3115	1	1018	6	3114
3115	医馆扩张	升级医馆至 Lv.6	3	8	3114	3116	1	1014	6	3115
3116	兵营扩张	升级兵营至 Lv.7	3	8	3115	3117	1	1009	7	3116
3117	城墙加固	升级城墙至 Lv.7	3	8	3116	3118	1	1018	7	3117
3118	医馆扩张	升级医馆至 Lv.7	3	8	3117	3119	1	1014	7	3118
3119	兵营扩张	升级兵营至 Lv.8	3	8	3118	3120	1	1009	8	3119
3120	城墙加固	升级城墙至 Lv.8	3	8	3119	3121	1	1018	8	3120
3121	医馆扩张	升级医馆至 Lv.8	3	8	3120	3122	1	1014	8	3121
3122	兵营扩张	升级兵营至 Lv.9	3	8	3121	3123	1	1009	9	3122
3123	城墙加固	升级城墙至 Lv.9	3	8	3122	3124	1	1018	9	3123
3124	医馆扩张	升级医馆至 Lv.9	3	8	3123	3125	1	1014	9	3124
3125	兵营扩张	升级兵营至 Lv.10	3	8	3124	3126	1	1009	10	3125
3126	城墙加固	升级城墙至 Lv.10	3	8	3125	3127	1	1018	10	3126
3127	医馆扩张	升级医馆至 Lv.10	3	8	3126	3128	1	1014	10	3127
3128	兵营扩张	升级兵营至 Lv.11	3	8	3127	3129	1	1009	11	3128
3129	城墙加固	升级城墙至 Lv.11	3	8	3128	3130	1	1018	11	3129
3130	医馆扩张	升级医馆至 Lv.11	3	8	3129	3131	1	1014	11	3130
3131	兵营扩张	升级兵营至 Lv.12	3	8	3130	3132	1	1009	12	3131
3132	城墙加固	升级城墙至 Lv.12	3	8	3131	3133	1	1018	12	3132
3133	医馆扩张	升级医馆至 Lv.12	3	8	3132	3134	1	1014	12	3133
3134	兵营扩张	升级兵营至 Lv.13	3	8	3133	3135	1	1009	13	3134
3135	城墙加固	升级城墙至 Lv.13	3	8	3134	3136	1	1018	13	3135
3136	医馆扩张	升级医馆至 Lv.13	3	8	3135	3137	1	1014	13	3136
3137	兵营扩张	升级兵营至 Lv.14	3	8	3136	3138	1	1009	14	3137
3138	城墙加固	升级城墙至 Lv.14	3	8	3137	3139	1	1018	14	3138
3139	医馆扩张	升级医馆至 Lv.14	3	8	3138	3140	1	1014	14	3139
3140	兵营扩张	升级兵营至 Lv.15	3	8	3139	3141	1	1009	15	3140
3141	城墙加固	升级城墙至 Lv.15	3	8	3140	3142	1	1018	15	3141
3142	医馆扩张	升级医馆至 Lv.15	3	8	3141	3143	1	1014	15	3142
3143	兵营扩张	升级兵营至 Lv.16	3	8	3142	3144	1	1009	16	3143
3144	城墙加固	升级城墙至 Lv.16	3	8	3143	3145	1	1018	16	3144
3145	医馆扩张	升级医馆至 Lv.16	3	8	3144	3146	1	1014	16	3145
3146	兵营扩张	升级兵营至 Lv.17	3	8	3145	3147	1	1009	17	3146
3147	城墙加固	升级城墙至 Lv.17	3	8	3146	3148	1	1018	17	3147
3148	医馆扩张	升级医馆至 Lv.17	3	8	3147	3149	1	1014	17	3148
3149	兵营扩张	升级兵营至 Lv.18	3	8	3148	3150	1	1009	18	3149
3150	城墙加固	升级城墙至 Lv.18	3	8	3149	3151	1	1018	18	3150
3151	医馆扩张	升级医馆至 Lv.18	3	8	3150	3152	1	1014	18	3151
3152	兵营扩张	升级兵营至 Lv.19	3	8	3151	3153	1	1009	19	3152
3153	城墙加固	升级城墙至 Lv.19	3	8	3152	3154	1	1018	19	3153
3154	医馆扩张	升级医馆至 Lv.19	3	8	3153	3155	1	1014	19	3154
3155	兵营扩张	升级兵营至 Lv.20	3	8	3154	3156	1	1009	20	3155
3156	城墙加固	升级城墙至 Lv.20	3	8	3155	3157	1	1018	20	3156
3157	医馆扩张	升级医馆至 Lv.20	3	8	3156	3158	1	1014	20	3157
3158	兵营扩张	升级兵营至 Lv.21	3	8	3157	3159	1	1009	21	3158
3159	城墙加固	升级城墙至 Lv.21	3	8	3158	3160	1	1018	21	3159
3160	医馆扩张	升级医馆至 Lv.21	3	8	3159	-1	1	1014	21	3160
3161	集市扩张	升级集市至 Lv.2	3	9	-1	3162	1	1015	2	3161
3162	使馆扩张	升级使馆至 Lv.2	3	9	3161	3163	1	1010	2	3162
3163	军政厅扩张	升级军政厅至 Lv.2	3	9	3162	3164	1	1013	2	3163
3164	集市扩张	升级集市至 Lv.3	3	9	3163	3165	1	1015	3	3164
3165	使馆扩张	升级使馆至 Lv.3	3	9	3164	3166	1	1010	3	3165
3166	军政厅扩张	升级军政厅至 Lv.3	3	9	3165	3167	1	1013	3	3166
3167	集市扩张	升级集市至 Lv.4	3	9	3166	3168	1	1015	4	3167
3168	使馆扩张	升级使馆至 Lv.4	3	9	3167	3169	1	1010	4	3168
3169	军政厅扩张	升级军政厅至 Lv.4	3	9	3168	3170	1	1013	4	3169
3170	集市扩张	升级集市至 Lv.5	3	9	3169	3171	1	1015	5	3170
3171	使馆扩张	升级使馆至 Lv.5	3	9	3170	3172	1	1010	5	3171
3172	军政厅扩张	升级军政厅至 Lv.5	3	9	3171	3173	1	1013	5	3172
3173	集市扩张	升级集市至 Lv.6	3	9	3172	3174	1	1015	6	3173
3174	使馆扩张	升级使馆至 Lv.6	3	9	3173	3175	1	1010	6	3174
3175	军政厅扩张	升级军政厅至 Lv.6	3	9	3174	3176	1	1013	6	3175
3176	集市扩张	升级集市至 Lv.7	3	9	3175	3177	1	1015	7	3176
3177	使馆扩张	升级使馆至 Lv.7	3	9	3176	3178	1	1010	7	3177
3178	军政厅扩张	升级军政厅至 Lv.7	3	9	3177	3179	1	1013	7	3178
3179	集市扩张	升级集市至 Lv.8	3	9	3178	3180	1	1015	8	3179
3180	使馆扩张	升级使馆至 Lv.8	3	9	3179	3181	1	1010	8	3180
3181	军政厅扩张	升级军政厅至 Lv.8	3	9	3180	3182	1	1013	8	3181
3182	集市扩张	升级集市至 Lv.9	3	9	3181	3183	1	1015	9	3182
3183	使馆扩张	升级使馆至 Lv.9	3	9	3182	3184	1	1010	9	3183
3184	军政厅扩张	升级军政厅至 Lv.9	3	9	3183	3185	1	1013	9	3184
3185	集市扩张	升级集市至 Lv.10	3	9	3184	3186	1	1015	10	3185
3186	使馆扩张	升级使馆至 Lv.10	3	9	3185	3187	1	1010	10	3186
3187	军政厅扩张	升级军政厅至 Lv.10	3	9	3186	3188	1	1013	10	3187
3188	集市扩张	升级集市至 Lv.11	3	9	3187	3189	1	1015	11	3188
3189	使馆扩张	升级使馆至 Lv.11	3	9	3188	3190	1	1010	11	3189
3190	军政厅扩张	升级军政厅至 Lv.11	3	9	3189	3191	1	1013	11	3190
3191	集市扩张	升级集市至 Lv.12	3	9	3190	3192	1	1015	12	3191
3192	使馆扩张	升级使馆至 Lv.12	3	9	3191	3193	1	1010	12	3192
3193	军政厅扩张	升级军政厅至 Lv.12	3	9	3192	3194	1	1013	12	3193
3194	集市扩张	升级集市至 Lv.13	3	9	3193	3195	1	1015	13	3194
3195	使馆扩张	升级使馆至 Lv.13	3	9	3194	3196	1	1010	13	3195
3196	军政厅扩张	升级军政厅至 Lv.13	3	9	3195	3197	1	1013	13	3196
3197	集市扩张	升级集市至 Lv.14	3	9	3196	3198	1	1015	14	3197
3198	使馆扩张	升级使馆至 Lv.14	3	9	3197	3199	1	1010	14	3198
3199	军政厅扩张	升级军政厅至 Lv.14	3	9	3198	3200	1	1013	14	3199
3200	集市扩张	升级集市至 Lv.15	3	9	3199	3201	1	1015	15	3200
3201	使馆扩张	升级使馆至 Lv.15	3	9	3200	3202	1	1010	15	3201
3202	军政厅扩张	升级军政厅至 Lv.15	3	9	3201	3203	1	1013	15	3202
3203	集市扩张	升级集市至 Lv.16	3	9	3202	3204	1	1015	16	3203
3204	使馆扩张	升级使馆至 Lv.16	3	9	3203	3205	1	1010	16	3204
3205	军政厅扩张	升级军政厅至 Lv.16	3	9	3204	3206	1	1013	16	3205
3206	集市扩张	升级集市至 Lv.17	3	9	3205	3207	1	1015	17	3206
3207	使馆扩张	升级使馆至 Lv.17	3	9	3206	3208	1	1010	17	3207
3208	军政厅扩张	升级军政厅至 Lv.17	3	9	3207	3209	1	1013	17	3208
3209	集市扩张	升级集市至 Lv.18	3	9	3208	3210	1	1015	18	3209
3210	使馆扩张	升级使馆至 Lv.18	3	9	3209	3211	1	1010	18	3210
3211	军政厅扩张	升级军政厅至 Lv.18	3	9	3210	3212	1	1013	18	3211
3212	集市扩张	升级集市至 Lv.19	3	9	3211	3213	1	1015	19	3212
3213	使馆扩张	升级使馆至 Lv.19	3	9	3212	3214	1	1010	19	3213
3214	军政厅扩张	升级军政厅至 Lv.19	3	9	3213	3215	1	1013	19	3214
3215	集市扩张	升级集市至 Lv.20	3	9	3214	3216	1	1015	20	3215
3216	使馆扩张	升级使馆至 Lv.20	3	9	3215	3217	1	1010	20	3216
3217	军政厅扩张	升级军政厅至 Lv.20	3	9	3216	3218	1	1013	20	3217
3218	集市扩张	升级集市至 Lv.21	3	9	3217	3219	1	1015	21	3218
3219	使馆扩张	升级使馆至 Lv.21	3	9	3218	3220	1	1010	21	3219
3220	军政厅扩张	升级军政厅至 Lv.21	3	9	3219	-1	1	1013	21	3220
3221	别院扩张	升级别院至 Lv.2	3	10	-1	3222	1	1020	2	3221
3222	地牢扩张	升级地牢至 Lv.2	3	10	3221	3223	1	1016	2	3222
3223	祭坛扩张	升级祭坛至 Lv.2	3	10	3222	3224	1	1008	2	3223
3224	别院扩张	升级别院至 Lv.3	3	10	3223	3225	1	1020	3	3224
3225	地牢扩张	升级地牢至 Lv.3	3	10	3224	3226	1	1016	3	3225
3226	祭坛扩张	升级祭坛至 Lv.3	3	10	3225	3227	1	1008	3	3226
3227	别院扩张	升级别院至 Lv.4	3	10	3226	3228	1	1020	4	3227
3228	地牢扩张	升级地牢至 Lv.4	3	10	3227	3229	1	1016	4	3228
3229	祭坛扩张	升级祭坛至 Lv.4	3	10	3228	3230	1	1008	4	3229
3230	别院扩张	升级别院至 Lv.5	3	10	3229	3231	1	1020	5	3230
3231	地牢扩张	升级地牢至 Lv.5	3	10	3230	3232	1	1016	5	3231
3232	祭坛扩张	升级祭坛至 Lv.5	3	10	3231	3233	1	1008	5	3232
3233	别院扩张	升级别院至 Lv.6	3	10	3232	3234	1	1020	6	3233
3234	地牢扩张	升级地牢至 Lv.6	3	10	3233	3235	1	1016	6	3234
3235	祭坛扩张	升级祭坛至 Lv.6	3	10	3234	3236	1	1008	6	3235
3236	别院扩张	升级别院至 Lv.7	3	10	3235	3237	1	1020	7	3236
3237	地牢扩张	升级地牢至 Lv.7	3	10	3236	3238	1	1016	7	3237
3238	祭坛扩张	升级祭坛至 Lv.7	3	10	3237	3239	1	1008	7	3238
3239	别院扩张	升级别院至 Lv.8	3	10	3238	3240	1	1020	8	3239
3240	地牢扩张	升级地牢至 Lv.8	3	10	3239	3241	1	1016	8	3240
3241	祭坛扩张	升级祭坛至 Lv.8	3	10	3240	3242	1	1008	8	3241
3242	别院扩张	升级别院至 Lv.9	3	10	3241	3243	1	1020	9	3242
3243	地牢扩张	升级地牢至 Lv.9	3	10	3242	3244	1	1016	9	3243
3244	祭坛扩张	升级祭坛至 Lv.9	3	10	3243	3245	1	1008	9	3244
3245	别院扩张	升级别院至 Lv.10	3	10	3244	3246	1	1020	10	3245
3246	地牢扩张	升级地牢至 Lv.10	3	10	3245	3247	1	1016	10	3246
3247	祭坛扩张	升级祭坛至 Lv.10	3	10	3246	3248	1	1008	10	3247
3248	别院扩张	升级别院至 Lv.11	3	10	3247	3249	1	1020	11	3248
3249	地牢扩张	升级地牢至 Lv.11	3	10	3248	3250	1	1016	11	3249
3250	祭坛扩张	升级祭坛至 Lv.11	3	10	3249	3251	1	1008	11	3250
3251	别院扩张	升级别院至 Lv.12	3	10	3250	3252	1	1020	12	3251
3252	地牢扩张	升级地牢至 Lv.12	3	10	3251	3253	1	1016	12	3252
3253	祭坛扩张	升级祭坛至 Lv.12	3	10	3252	3254	1	1008	12	3253
3254	别院扩张	升级别院至 Lv.13	3	10	3253	3255	1	1020	13	3254
3255	地牢扩张	升级地牢至 Lv.13	3	10	3254	3256	1	1016	13	3255
3256	祭坛扩张	升级祭坛至 Lv.13	3	10	3255	3257	1	1008	13	3256
3257	别院扩张	升级别院至 Lv.14	3	10	3256	3258	1	1020	14	3257
3258	地牢扩张	升级地牢至 Lv.14	3	10	3257	3259	1	1016	14	3258
3259	祭坛扩张	升级祭坛至 Lv.14	3	10	3258	3260	1	1008	14	3259
3260	别院扩张	升级别院至 Lv.15	3	10	3259	3261	1	1020	15	3260
3261	地牢扩张	升级地牢至 Lv.15	3	10	3260	3262	1	1016	15	3261
3262	祭坛扩张	升级祭坛至 Lv.15	3	10	3261	3263	1	1008	15	3262
3263	别院扩张	升级别院至 Lv.16	3	10	3262	3264	1	1020	16	3263
3264	地牢扩张	升级地牢至 Lv.16	3	10	3263	3265	1	1016	16	3264
3265	祭坛扩张	升级祭坛至 Lv.16	3	10	3264	3266	1	1008	16	3265
3266	别院扩张	升级别院至 Lv.17	3	10	3265	3267	1	1020	17	3266
3267	地牢扩张	升级地牢至 Lv.17	3	10	3266	3268	1	1016	17	3267
3268	祭坛扩张	升级祭坛至 Lv.17	3	10	3267	3269	1	1008	17	3268
3269	别院扩张	升级别院至 Lv.18	3	10	3268	3270	1	1020	18	3269
3270	地牢扩张	升级地牢至 Lv.18	3	10	3269	3271	1	1016	18	3270
3271	祭坛扩张	升级祭坛至 Lv.18	3	10	3270	3272	1	1008	18	3271
3272	别院扩张	升级别院至 Lv.19	3	10	3271	3273	1	1020	19	3272
3273	地牢扩张	升级地牢至 Lv.19	3	10	3272	3274	1	1016	19	3273
3274	祭坛扩张	升级祭坛至 Lv.19	3	10	3273	3275	1	1008	19	3274
3275	别院扩张	升级别院至 Lv.20	3	10	3274	3276	1	1020	20	3275
3276	地牢扩张	升级地牢至 Lv.20	3	10	3275	3277	1	1016	20	3276
3277	祭坛扩张	升级祭坛至 Lv.20	3	10	3276	3278	1	1008	20	3277
3278	别院扩张	升级别院至 Lv.21	3	10	3277	3279	1	1020	21	3278
3279	地牢扩张	升级地牢至 Lv.21	3	10	3278	3280	1	1016	21	3279
3280	祭坛扩张	升级祭坛至 Lv.21	3	10	3279	-1	1	1008	21	3280
3281	书院扩张	升级书院至 Lv.2	3	11	-1	3282	1	1007	2	3281
3282	仓库扩张	升级仓库至 Lv.2	3	11	3281	3283	1	1006	2	3282
3283	铁匠铺扩张	升级铁匠铺至 Lv.2	3	11	3282	3284	1	1011	2	3283
3284	哨塔扩张	升级哨塔至 Lv.2	3	11	3283	3285	1	1019	2	3284
3285	书院扩张	升级书院至 Lv.3	3	11	3284	3286	1	1007	3	3285
3286	仓库扩张	升级仓库至 Lv.3	3	11	3285	3287	1	1006	3	3286
3287	铁匠铺扩张	升级铁匠铺至 Lv.3	3	11	3286	3288	1	1011	3	3287
3288	哨塔扩张	升级哨塔至 Lv.3	3	11	3287	3289	1	1019	3	3288
3289	书院扩张	升级书院至 Lv.4	3	11	3288	3290	1	1007	4	3289
3290	仓库扩张	升级仓库至 Lv.4	3	11	3289	3291	1	1006	4	3290
3291	铁匠铺扩张	升级铁匠铺至 Lv.4	3	11	3290	3292	1	1011	4	3291
3292	哨塔扩张	升级哨塔至 Lv.4	3	11	3291	3293	1	1019	4	3292
3293	书院扩张	升级书院至 Lv.5	3	11	3292	3294	1	1007	5	3293
3294	仓库扩张	升级仓库至 Lv.5	3	11	3293	3295	1	1006	5	3294
3295	铁匠铺扩张	升级铁匠铺至 Lv.5	3	11	3294	3296	1	1011	5	3295
3296	哨塔扩张	升级哨塔至 Lv.5	3	11	3295	3297	1	1019	5	3296
3297	书院扩张	升级书院至 Lv.6	3	11	3296	3298	1	1007	6	3297
3298	仓库扩张	升级仓库至 Lv.6	3	11	3297	3299	1	1006	6	3298
3299	铁匠铺扩张	升级铁匠铺至 Lv.6	3	11	3298	3300	1	1011	6	3299
3300	哨塔扩张	升级哨塔至 Lv.6	3	11	3299	3301	1	1019	6	3300
3301	书院扩张	升级书院至 Lv.7	3	11	3300	3302	1	1007	7	3301
3302	仓库扩张	升级仓库至 Lv.7	3	11	3301	3303	1	1006	7	3302
3303	铁匠铺扩张	升级铁匠铺至 Lv.7	3	11	3302	3304	1	1011	7	3303
3304	哨塔扩张	升级哨塔至 Lv.7	3	11	3303	3305	1	1019	7	3304
3305	书院扩张	升级书院至 Lv.8	3	11	3304	3306	1	1007	8	3305
3306	仓库扩张	升级仓库至 Lv.8	3	11	3305	3307	1	1006	8	3306
3307	铁匠铺扩张	升级铁匠铺至 Lv.8	3	11	3306	3308	1	1011	8	3307
3308	哨塔扩张	升级哨塔至 Lv.8	3	11	3307	3309	1	1019	8	3308
3309	书院扩张	升级书院至 Lv.9	3	11	3308	3310	1	1007	9	3309
3310	仓库扩张	升级仓库至 Lv.9	3	11	3309	3311	1	1006	9	3310
3311	铁匠铺扩张	升级铁匠铺至 Lv.9	3	11	3310	3312	1	1011	9	3311
3312	哨塔扩张	升级哨塔至 Lv.9	3	11	3311	3313	1	1019	9	3312
3313	书院扩张	升级书院至 Lv.10	3	11	3312	3314	1	1007	10	3313
3314	仓库扩张	升级仓库至 Lv.10	3	11	3313	3315	1	1006	10	3314
3315	铁匠铺扩张	升级铁匠铺至 Lv.10	3	11	3314	3316	1	1011	10	3315
3316	哨塔扩张	升级哨塔至 Lv.10	3	11	3315	3317	1	1019	10	3316
3317	书院扩张	升级书院至 Lv.11	3	11	3316	3318	1	1007	11	3317
3318	仓库扩张	升级仓库至 Lv.11	3	11	3317	3319	1	1006	11	3318
3319	铁匠铺扩张	升级铁匠铺至 Lv.11	3	11	3318	3320	1	1011	11	3319
3320	哨塔扩张	升级哨塔至 Lv.11	3	11	3319	3321	1	1019	11	3320
3321	书院扩张	升级书院至 Lv.12	3	11	3320	3322	1	1007	12	3321
3322	仓库扩张	升级仓库至 Lv.12	3	11	3321	3323	1	1006	12	3322
3323	铁匠铺扩张	升级铁匠铺至 Lv.12	3	11	3322	3324	1	1011	12	3323
3324	哨塔扩张	升级哨塔至 Lv.12	3	11	3323	3325	1	1019	12	3324
3325	书院扩张	升级书院至 Lv.13	3	11	3324	3326	1	1007	13	3325
3326	仓库扩张	升级仓库至 Lv.13	3	11	3325	3327	1	1006	13	3326
3327	铁匠铺扩张	升级铁匠铺至 Lv.13	3	11	3326	3328	1	1011	13	3327
3328	哨塔扩张	升级哨塔至 Lv.13	3	11	3327	3329	1	1019	13	3328
3329	书院扩张	升级书院至 Lv.14	3	11	3328	3330	1	1007	14	3329
3330	仓库扩张	升级仓库至 Lv.14	3	11	3329	3331	1	1006	14	3330
3331	铁匠铺扩张	升级铁匠铺至 Lv.14	3	11	3330	3332	1	1011	14	3331
3332	哨塔扩张	升级哨塔至 Lv.14	3	11	3331	3333	1	1019	14	3332
3333	书院扩张	升级书院至 Lv.15	3	11	3332	3334	1	1007	15	3333
3334	仓库扩张	升级仓库至 Lv.15	3	11	3333	3335	1	1006	15	3334
3335	铁匠铺扩张	升级铁匠铺至 Lv.15	3	11	3334	3336	1	1011	15	3335
3336	哨塔扩张	升级哨塔至 Lv.15	3	11	3335	3337	1	1019	15	3336
3337	书院扩张	升级书院至 Lv.16	3	11	3336	3338	1	1007	16	3337
3338	仓库扩张	升级仓库至 Lv.16	3	11	3337	3339	1	1006	16	3338
3339	铁匠铺扩张	升级铁匠铺至 Lv.16	3	11	3338	3340	1	1011	16	3339
3340	哨塔扩张	升级哨塔至 Lv.16	3	11	3339	3341	1	1019	16	3340
3341	书院扩张	升级书院至 Lv.17	3	11	3340	3342	1	1007	17	3341
3342	仓库扩张	升级仓库至 Lv.17	3	11	3341	3343	1	1006	17	3342
3343	铁匠铺扩张	升级铁匠铺至 Lv.17	3	11	3342	3344	1	1011	17	3343
3344	哨塔扩张	升级哨塔至 Lv.17	3	11	3343	3345	1	1019	17	3344
3345	书院扩张	升级书院至 Lv.18	3	11	3344	3346	1	1007	18	3345
3346	仓库扩张	升级仓库至 Lv.18	3	11	3345	3347	1	1006	18	3346
3347	铁匠铺扩张	升级铁匠铺至 Lv.18	3	11	3346	3348	1	1011	18	3347
3348	哨塔扩张	升级哨塔至 Lv.18	3	11	3347	3349	1	1019	18	3348
3349	书院扩张	升级书院至 Lv.19	3	11	3348	3350	1	1007	19	3349
3350	仓库扩张	升级仓库至 Lv.19	3	11	3349	3351	1	1006	19	3350
3351	铁匠铺扩张	升级铁匠铺至 Lv.19	3	11	3350	3352	1	1011	19	3351
3352	哨塔扩张	升级哨塔至 Lv.19	3	11	3351	3353	1	1019	19	3352
3353	书院扩张	升级书院至 Lv.20	3	11	3352	3354	1	1007	20	3353
3354	仓库扩张	升级仓库至 Lv.20	3	11	3353	3355	1	1006	20	3354
3355	铁匠铺扩张	升级铁匠铺至 Lv.20	3	11	3354	3356	1	1011	20	3355
3356	哨塔扩张	升级哨塔至 Lv.20	3	11	3355	3357	1	1019	20	3356
3357	书院扩张	升级书院至 Lv.21	3	11	3356	3358	1	1007	21	3357
3358	仓库扩张	升级仓库至 Lv.21	3	11	3357	3359	1	1006	21	3358
3359	铁匠铺扩张	升级铁匠铺至 Lv.21	3	11	3358	3360	1	1011	21	3359
3360	哨塔扩张	升级哨塔至 Lv.21	3	11	3359	-1	1	1019	21	3360
4101	任务菜鸟	完成50个任务	4	12	-1	4102	5	50	-1	4101
4102	任务新手	完成100个任务	4	12	4101	4103	5	100	-1	4102
4103	任务熟手	完成500个任务	4	12	4102	-1	5	500	-1	4103
4201	初出茅庐	升级武将至 Lv.5	4	13	-1	4202	6	5	-1	4201
4202	崭露头角	升级武将至 Lv.10	4	13	4201	4203	6	10	-1	4202
4203	锋芒毕露	升级武将至 Lv.25	4	13	4202	-1	6	25	-1	4203
4301	任务新星	完成1000个任务	4	14	-1	4302	5	1000	-1	4301
4302	任务达人	完成2000个任务	4	14	4301	4303	5	2000	-1	4302
4303	任务专家	完成3000个任务	4	14	4302	-1	5	3000	-1	4303
4401	小有名气	升级武将至 Lv.30	4	15	-1	4402	6	30	-1	4401
4402	富有盛名	升级武将至 Lv.40	4	15	4401	4403	6	40	-1	4402
4403	威名赫赫	升级武将至 Lv.50	4	15	4402	-1	6	50	-1	4403
4501	任务大师	完成10000个任务	4	16	-1	4502	5	10000	-1	4501
4502	任务巨星	完成20000个任务	4	16	4501	4503	5	20000	-1	4502
4503	任务尊者	完成30000个任务	4	16	4502	-1	5	30000	-1	4503
5101	粮草增产	提升粮草产量到8000	5	17	-1	5102	7	2	8000	5101
5102	粮草增产	提升粮草产量到20000	5	17	5101	5103	7	2	20000	5102
5103	粮草增产	提升粮草产量到50000	5	17	5102	5104	7	2	50000	5103
5104	粮草增产	提升粮草产量到100000	5	17	5103	-1	7	2	100000	5104
5105	木材增产	提升木材产量到5000	5	18	-1	5106	7	3	5000	5105
5106	生铁增产	提升生铁产量到5000	5	18	5105	5107	7	5	5000	5106
5107	木材增产	提升木材产量到10000	5	18	5106	5108	7	3	10000	5107
5108	生铁增产	提升生铁产量到10000	5	18	5107	5109	7	5	10000	5108
5109	木材增产	提升木材产量到30000	5	18	5108	5110	7	3	30000	5109
5110	生铁增产	提升生铁产量到30000	5	18	5109	5111	7	5	30000	5110
5111	木材增产	提升木材产量到80000	5	18	5110	5112	7	3	80000	5111
5112	生铁增产	提升生铁产量到80000	5	18	5111	-1	7	5	80000	5112
5113	石材增产	提升石材产量到5000	5	19	-1	5114	7	4	5000	5113
5114	白银增产	提升白银产量到1200	5	19	5113	5115	7	1	1200	5114
5115	石材增产	提升石材产量到10000	5	19	5114	5116	7	4	10000	5115
5116	白银增产	提升白银产量到2500	5	19	5115	5117	7	1	2500	5116
5117	石材增产	提升石材产量到30000	5	19	5116	5118	7	4	30000	5117
5118	白银增产	提升白银产量到12000	5	19	5117	5119	7	1	12000	5118
5119	石材增产	提升石材产量到80000	5	19	5118	5120	7	4	80000	5119
5120	白银增产	提升白银产量到20000	5	19	5119	-1	7	1	20000	5120
6101	装备制造	制造1件装备	6	20	-1	6102	15	1	-1	6101
6102	宝石合成	合成1个宝石	6	20	6101	-1	16	1	-1	6102
7101	战争科技	重步兵	7	21	-1	7102	4	11801	-1	7101
7102	战争科技	弓箭手	7	21	7101	7103	4	11901	-1	7102
7103	战争科技	轻骑兵	7	21	7102	7201	4	12001	-1	7103
7104	战争科技	弩车	7	21	7103	7202	4	12101	-1	7104
7105	战争科技	重枪兵	7	21	7201	7203	4	12401	-1	7105
7106	战争科技	长弓手	7	21	7202	7301	4	12501	-1	7106
7107	战争科技	重骑兵	7	21	7203	7302	4	12601	-1	7107
7108	战争科技	抛石机	7	21	7301	7303	4	12701	-1	7108
7109	战争科技	勇士	7	21	7302	7401	4	13001	-1	7109
7110	战争科技	神射手	7	21	7303	7402	4	13101	-1	7110
7111	战争科技	铁骑	7	21	7401	7403	4	13201	-1	7111
7112	战争科技	破城锤	7	21	7402	-1	4	13301	-1	7112
7113	城防科技	地刺	7	22	-1	7114	4	21101	-1	7113
7114	城防科技	箭塔	7	22	7113	7115	4	21201	-1	7114
7115	城防科技	滚木	7	22	7114	7116	4	21301	-1	7115
7116	城防科技	弩机	7	22	7115	7117	4	21601	-1	7116
7117	城防科技	火油	7	22	7116	7118	4	21701	-1	7117
7118	城防科技	捕夹	7	22	7117	7119	4	21801	-1	7118
7119	城防科技	抛石机	7	22	7118	7120	4	21901	-1	7119
7120	城防科技	荆棘丛	7	22	7119	7121	4	22001	-1	7120
7121	城防科技	机关镖	7	22	7120	7122	4	22101	-1	7121
7122	城防科技	火石机	7	22	7121	7123	4	22201	-1	7122
7123	城防科技	火箭弩	7	22	7122	7124	4	22301	-1	7123
7124	城防科技	尖刺墙	7	22	7123	-1	4	22401	-1	7124
7125	战争科技	哨兵侦查 Lv.1	7	23	-1	7126	4	11001	-1	7125
7126	战争科技	哨兵侦查 Lv.2	7	23	7125	7127	4	11002	-1	7126
7127	战争科技	哨兵侦查 Lv.3	7	23	7126	7128	4	11003	-1	7127
7128	战争科技	哨兵侦查 Lv.4	7	23	7127	7129	4	11004	-1	7128
7129	战争科技	哨兵侦查 Lv.5	7	23	7128	7130	4	11005	-1	7129
7130	战争科技	哨兵侦查 Lv.6	7	23	7129	7131	4	11006	-1	7130
7131	战争科技	哨兵侦查 Lv.7	7	23	7130	7132	4	11007	-1	7131
7132	战争科技	哨兵侦查 Lv.8	7	23	7131	7133	4	11008	-1	7132
7133	战争科技	哨兵侦查 Lv.9	7	23	7132	7134	4	11009	-1	7133
7134	战争科技	哨兵侦查 Lv.10	7	23	7133	7135	4	11010	-1	7134
7135	战争科技	训练加速	7	23	7134	7136	4	11101	-1	7135
7136	战争科技	步兵攻击 Lv.1	7	23	7135	7137	4	11201	-1	7136
7137	战争科技	步兵攻击 Lv.2	7	23	7136	7138	4	11202	-1	7137
7138	战争科技	步兵攻击 Lv.3	7	23	7137	7139	4	11203	-1	7138
7139	战争科技	步兵攻击 Lv.4	7	23	7138	7140	4	11204	-1	7139
7140	战争科技	步兵攻击 Lv.5	7	23	7139	7141	4	11205	-1	7140
7141	战争科技	步兵攻击 Lv.6	7	23	7140	7142	4	11206	-1	7141
7142	战争科技	步兵攻击 Lv.7	7	23	7141	7143	4	11207	-1	7142
7143	战争科技	步兵攻击 Lv.8	7	23	7142	7144	4	11208	-1	7143
7144	战争科技	步兵攻击 Lv.9	7	23	7143	7145	4	11209	-1	7144
7145	战争科技	步兵攻击 Lv.10	7	23	7144	7146	4	11210	-1	7145
7146	战争科技	弩兵攻击 Lv.1	7	23	7145	7147	4	11301	-1	7146
7147	战争科技	弩兵攻击 Lv.2	7	23	7146	7148	4	11302	-1	7147
7148	战争科技	弩兵攻击 Lv.3	7	23	7147	7149	4	11303	-1	7148
7149	战争科技	弩兵攻击 Lv.4	7	23	7148	7150	4	11304	-1	7149
7150	战争科技	弩兵攻击 Lv.5	7	23	7149	7151	4	11305	-1	7150
7151	战争科技	弩兵攻击 Lv.6	7	23	7150	7152	4	11306	-1	7151
7152	战争科技	弩兵攻击 Lv.7	7	23	7151	7153	4	11307	-1	7152
7153	战争科技	弩兵攻击 Lv.8	7	23	7152	7154	4	11308	-1	7153
7154	战争科技	弩兵攻击 Lv.9	7	23	7153	7155	4	11309	-1	7154
7155	战争科技	弩兵攻击 Lv.10	7	23	7154	7156	4	11310	-1	7155
7156	战争科技	骑兵攻击 Lv.1	7	23	7155	7157	4	11401	-1	7156
7157	战争科技	骑兵攻击 Lv.2	7	23	7156	7158	4	11402	-1	7157
7158	战争科技	骑兵攻击 Lv.3	7	23	7157	7159	4	11403	-1	7158
7159	战争科技	骑兵攻击 Lv.4	7	23	7158	7160	4	11404	-1	7159
7160	战争科技	骑兵攻击 Lv.5	7	23	7159	7161	4	11405	-1	7160
7161	战争科技	骑兵攻击 Lv.6	7	23	7160	7162	4	11406	-1	7161
7162	战争科技	骑兵攻击 Lv.7	7	23	7161	7163	4	11407	-1	7162
7163	战争科技	骑兵攻击 Lv.8	7	23	7162	7164	4	11408	-1	7163
7164	战争科技	骑兵攻击 Lv.9	7	23	7163	7165	4	11409	-1	7164
7165	战争科技	骑兵攻击 Lv.10	7	23	7164	7166	4	11410	-1	7165
7166	战争科技	步兵防御 Lv.1	7	23	7165	7167	4	11501	-1	7166
7167	战争科技	步兵防御 Lv.2	7	23	7166	7168	4	11502	-1	7167
7168	战争科技	步兵防御 Lv.3	7	23	7167	7169	4	11503	-1	7168
7169	战争科技	步兵防御 Lv.4	7	23	7168	7170	4	11504	-1	7169
7170	战争科技	步兵防御 Lv.5	7	23	7169	7171	4	11505	-1	7170
7171	战争科技	步兵防御 Lv.6	7	23	7170	7172	4	11506	-1	7171
7172	战争科技	步兵防御 Lv.7	7	23	7171	7173	4	11507	-1	7172
7173	战争科技	步兵防御 Lv.8	7	23	7172	7174	4	11508	-1	7173
7174	战争科技	步兵防御 Lv.9	7	23	7173	7175	4	11509	-1	7174
7175	战争科技	步兵防御 Lv.10	7	23	7174	7176	4	11510	-1	7175
7176	战争科技	弩兵防御 Lv.1	7	23	7175	7177	4	11601	-1	7176
7177	战争科技	弩兵防御 Lv.2	7	23	7176	7178	4	11602	-1	7177
7178	战争科技	弩兵防御 Lv.3	7	23	7177	7179	4	11603	-1	7178
7179	战争科技	弩兵防御 Lv.4	7	23	7178	7180	4	11604	-1	7179
7180	战争科技	弩兵防御 Lv.5	7	23	7179	7181	4	11605	-1	7180
7181	战争科技	弩兵防御 Lv.6	7	23	7180	7182	4	11606	-1	7181
7182	战争科技	弩兵防御 Lv.7	7	23	7181	7183	4	11607	-1	7182
7183	战争科技	弩兵防御 Lv.8	7	23	7182	7184	4	11608	-1	7183
7184	战争科技	弩兵防御 Lv.9	7	23	7183	7185	4	11609	-1	7184
7185	战争科技	弩兵防御 Lv.10	7	23	7184	7186	4	11610	-1	7185
7186	战争科技	骑兵防御 Lv.1	7	23	7185	7187	4	11701	-1	7186
7187	战争科技	骑兵防御 Lv.2	7	23	7186	7188	4	11702	-1	7187
7188	战争科技	骑兵防御 Lv.3	7	23	7187	7189	4	11703	-1	7188
7189	战争科技	骑兵防御 Lv.4	7	23	7188	7190	4	11704	-1	7189
7190	战争科技	骑兵防御 Lv.5	7	23	7189	7191	4	11705	-1	7190
7191	战争科技	骑兵防御 Lv.6	7	23	7190	7192	4	11706	-1	7191
7192	战争科技	骑兵防御 Lv.7	7	23	7191	7193	4	11707	-1	7192
7193	战争科技	骑兵防御 Lv.8	7	23	7192	7194	4	11708	-1	7193
7194	战争科技	骑兵防御 Lv.9	7	23	7193	7195	4	11709	-1	7194
7195	战争科技	骑兵防御 Lv.10	7	23	7194	7196	4	11710	-1	7195
7196	战争科技	攻城兵攻击 Lv.1	7	23	7195	7197	4	12201	-1	7196
7197	战争科技	攻城兵攻击 Lv.2	7	23	7196	7198	4	12202	-1	7197
7198	战争科技	攻城兵攻击 Lv.3	7	23	7197	7199	4	12203	-1	7198
7199	战争科技	攻城兵攻击 Lv.4	7	23	7198	7200	4	12204	-1	7199
7200	战争科技	攻城兵攻击 Lv.5	7	23	7199	7201	4	12205	-1	7200
7201	战争科技	攻城兵攻击 Lv.6	7	23	7200	7202	4	12206	-1	7201
7202	战争科技	攻城兵攻击 Lv.7	7	23	7201	7203	4	12207	-1	7202
7203	战争科技	攻城兵攻击 Lv.8	7	23	7202	7204	4	12208	-1	7203
7204	战争科技	攻城兵攻击 Lv.9	7	23	7203	7205	4	12209	-1	7204
7205	战争科技	攻城兵攻击 Lv.10	7	23	7204	7206	4	12210	-1	7205
7206	战争科技	攻城兵防御 Lv.1	7	23	7205	7207	4	12301	-1	7206
7207	战争科技	攻城兵防御 Lv.2	7	23	7206	7208	4	12302	-1	7207
7208	战争科技	攻城兵防御 Lv.3	7	23	7207	7209	4	12303	-1	7208
7209	战争科技	攻城兵防御 Lv.4	7	23	7208	7210	4	12304	-1	7209
7210	战争科技	攻城兵防御 Lv.5	7	23	7209	7211	4	12305	-1	7210
7211	战争科技	攻城兵防御 Lv.6	7	23	7210	7212	4	12306	-1	7211
7212	战争科技	攻城兵防御 Lv.7	7	23	7211	7213	4	12307	-1	7212
7213	战争科技	攻城兵防御 Lv.8	7	23	7212	7214	4	12308	-1	7213
7214	战争科技	攻城兵防御 Lv.9	7	23	7213	7215	4	12309	-1	7214
7215	战争科技	攻城兵防御 Lv.10	7	23	7214	7216	4	12310	-1	7215
7216	战争科技	增加血量 Lv.1	7	23	7215	7217	4	12801	-1	7216
7217	战争科技	增加血量 Lv.2	7	23	7216	7218	4	12802	-1	7217
7218	战争科技	增加血量 Lv.3	7	23	7217	7219	4	12803	-1	7218
7219	战争科技	增加血量 Lv.4	7	23	7218	7220	4	12804	-1	7219
7220	战争科技	增加血量 Lv.5	7	23	7219	7221	4	12805	-1	7220
7221	战争科技	增加血量 Lv.6	7	23	7220	7222	4	12806	-1	7221
7222	战争科技	增加血量 Lv.7	7	23	7221	7223	4	12807	-1	7222
7223	战争科技	增加血量 Lv.8	7	23	7222	7224	4	12808	-1	7223
7224	战争科技	增加血量 Lv.9	7	23	7223	7225	4	12809	-1	7224
7225	战争科技	增加血量 Lv.10	7	23	7224	7226	4	12810	-1	7225
7226	战争科技	士兵防御 Lv.1	7	23	7225	7227	4	12901	-1	7226
7227	战争科技	士兵防御 Lv.2	7	23	7226	7228	4	12902	-1	7227
7228	战争科技	士兵防御 Lv.3	7	23	7227	7229	4	12903	-1	7228
7229	战争科技	士兵防御 Lv.4	7	23	7228	7230	4	12904	-1	7229
7230	战争科技	士兵防御 Lv.5	7	23	7229	7231	4	12905	-1	7230
7231	战争科技	士兵防御 Lv.6	7	23	7230	7232	4	12906	-1	7231
7232	战争科技	士兵防御 Lv.7	7	23	7231	7233	4	12907	-1	7232
7233	战争科技	士兵防御 Lv.8	7	23	7232	7234	4	12908	-1	7233
7234	战争科技	士兵防御 Lv.9	7	23	7233	7235	4	12909	-1	7234
7235	战争科技	士兵防御 Lv.10	7	23	7234	-1	4	12910	-1	7235
7236	城防科技	陷阱加速	7	24	-1	7237	4	21001	-1	7236
7237	城防科技	陷阱防御 Lv.1	7	24	7236	7238	4	21401	-1	7237
7238	城防科技	陷阱防御 Lv.2	7	24	7237	7239	4	21402	-1	7238
7239	城防科技	陷阱防御 Lv.3	7	24	7238	7240	4	21403	-1	7239
7240	城防科技	陷阱防御 Lv.4	7	24	7239	7241	4	21404	-1	7240
7241	城防科技	陷阱防御 Lv.5	7	24	7240	7242	4	21405	-1	7241
7242	城防科技	陷阱防御 Lv.6	7	24	7241	7243	4	21406	-1	7242
7243	城防科技	陷阱防御 Lv.7	7	24	7242	7244	4	21407	-1	7243
7244	城防科技	陷阱防御 Lv.8	7	24	7243	7245	4	21408	-1	7244
7245	城防科技	陷阱防御 Lv.9	7	24	7244	7246	4	21409	-1	7245
7246	城防科技	陷阱防御 Lv.10	7	24	7245	7247	4	21410	-1	7246
7247	城防科技	陷阱攻击 Lv.1	7	24	7246	7248	4	21501	-1	7247
7248	城防科技	陷阱攻击 Lv.2	7	24	7247	7249	4	21502	-1	7248
7249	城防科技	陷阱攻击 Lv.3	7	24	7248	7250	4	21503	-1	7249
7250	城防科技	陷阱攻击 Lv.4	7	24	7249	7251	4	21504	-1	7250
7251	城防科技	陷阱攻击 Lv.5	7	24	7250	7252	4	21505	-1	7251
7252	城防科技	陷阱攻击 Lv.6	7	24	7251	7253	4	21506	-1	7252
7253	城防科技	陷阱攻击 Lv.7	7	24	7252	7254	4	21507	-1	7253
7254	城防科技	陷阱攻击 Lv.8	7	24	7253	7255	4	21508	-1	7254
7255	城防科技	陷阱攻击 Lv.9	7	24	7254	7256	4	21509	-1	7255
7256	城防科技	陷阱攻击 Lv.10	7	24	7255	-1	4	21510	-1	7256
7257	经济科技	建造加速 Lv.1	7	25	-1	7258	4	31001	-1	7257
7258	经济科技	建造加速 Lv.2	7	25	7257	7259	4	31002	-1	7258
7259	经济科技	建造加速 Lv.3	7	25	7258	7260	4	31003	-1	7259
7260	经济科技	建造加速 Lv.4	7	25	7259	7261	4	31004	-1	7260
7261	经济科技	建造加速 Lv.5	7	25	7260	7262	4	31005	-1	7261
7262	经济科技	建造加速 Lv.6	7	25	7261	7263	4	31006	-1	7262
7263	经济科技	建造加速 Lv.7	7	25	7262	7264	4	31007	-1	7263
7264	经济科技	建造加速 Lv.8	7	25	7263	7265	4	31008	-1	7264
7265	经济科技	建造加速 Lv.9	7	25	7264	7266	4	31009	-1	7265
7266	经济科技	建造加速 Lv.10	7	25	7265	7267	4	31010	-1	7266
7267	经济科技	粮草增产 Lv.1	7	25	7266	7268	4	31101	-1	7267
7268	经济科技	粮草增产 Lv.2	7	25	7267	7269	4	31102	-1	7268
7269	经济科技	粮草增产 Lv.3	7	25	7268	7270	4	31103	-1	7269
7270	经济科技	粮草增产 Lv.4	7	25	7269	7271	4	31104	-1	7270
7271	经济科技	粮草增产 Lv.5	7	25	7270	7272	4	31105	-1	7271
7272	经济科技	粮草增产 Lv.6	7	25	7271	7273	4	31106	-1	7272
7273	经济科技	粮草增产 Lv.7	7	25	7272	7274	4	31107	-1	7273
7274	经济科技	粮草增产 Lv.8	7	25	7273	7275	4	31108	-1	7274
7275	经济科技	粮草增产 Lv.9	7	25	7274	7276	4	31109	-1	7275
7276	经济科技	粮草增产 Lv.10	7	25	7275	7277	4	31110	-1	7276
7277	经济科技	石材增产 Lv.1	7	25	7276	7278	4	31201	-1	7277
7278	经济科技	石材增产 Lv.2	7	25	7277	7279	4	31202	-1	7278
7279	经济科技	石材增产 Lv.3	7	25	7278	7280	4	31203	-1	7279
7280	经济科技	石材增产 Lv.4	7	25	7279	7281	4	31204	-1	7280
7281	经济科技	石材增产 Lv.5	7	25	7280	7282	4	31205	-1	7281
7282	经济科技	石材增产 Lv.6	7	25	7281	7283	4	31206	-1	7282
7283	经济科技	石材增产 Lv.7	7	25	7282	7284	4	31207	-1	7283
7284	经济科技	石材增产 Lv.8	7	25	7283	7285	4	31208	-1	7284
7285	经济科技	石材增产 Lv.9	7	25	7284	7286	4	31209	-1	7285
7286	经济科技	石材增产 Lv.10	7	25	7285	7287	4	31210	-1	7286
7287	经济科技	生铁增产 Lv.1	7	25	7286	7288	4	31301	-1	7287
7288	经济科技	生铁增产 Lv.2	7	25	7287	7289	4	31302	-1	7288
7289	经济科技	生铁增产 Lv.3	7	25	7288	7290	4	31303	-1	7289
7290	经济科技	生铁增产 Lv.4	7	25	7289	7291	4	31304	-1	7290
7291	经济科技	生铁增产 Lv.5	7	25	7290	7292	4	31305	-1	7291
7292	经济科技	生铁增产 Lv.6	7	25	7291	7293	4	31306	-1	7292
7293	经济科技	生铁增产 Lv.7	7	25	7292	7294	4	31307	-1	7293
7294	经济科技	生铁增产 Lv.8	7	25	7293	7295	4	31308	-1	7294
7295	经济科技	生铁增产 Lv.9	7	25	7294	7296	4	31309	-1	7295
7296	经济科技	生铁增产 Lv.10	7	25	7295	7297	4	31310	-1	7296
7297	经济科技	士兵负载 Lv.1	7	25	7296	7298	4	31401	-1	7297
7298	经济科技	士兵负载 Lv.2	7	25	7297	7299	4	31402	-1	7298
7299	经济科技	士兵负载 Lv.3	7	25	7298	7300	4	31403	-1	7299
7300	经济科技	士兵负载 Lv.4	7	25	7299	7301	4	31404	-1	7300
7301	经济科技	士兵负载 Lv.5	7	25	7300	7302	4	31405	-1	7301
7302	经济科技	士兵负载 Lv.6	7	25	7301	7303	4	31406	-1	7302
7303	经济科技	士兵负载 Lv.7	7	25	7302	7304	4	31407	-1	7303
7304	经济科技	士兵负载 Lv.8	7	25	7303	7305	4	31408	-1	7304
7305	经济科技	士兵负载 Lv.9	7	25	7304	7306	4	31409	-1	7305
7306	经济科技	士兵负载 Lv.10	7	25	7305	7307	4	31410	-1	7306
7307	经济科技	木材增产 Lv.1	7	25	7306	7308	4	31501	-1	7307
7308	经济科技	木材增产 Lv.2	7	25	7307	7309	4	31502	-1	7308
7309	经济科技	木材增产 Lv.3	7	25	7308	7310	4	31503	-1	7309
7310	经济科技	木材增产 Lv.4	7	25	7309	7311	4	31504	-1	7310
7311	经济科技	木材增产 Lv.5	7	25	7310	7312	4	31505	-1	7311
7312	经济科技	木材增产 Lv.6	7	25	7311	7313	4	31506	-1	7312
7313	经济科技	木材增产 Lv.7	7	25	7312	7314	4	31507	-1	7313
7314	经济科技	木材增产 Lv.8	7	25	7313	7315	4	31508	-1	7314
7315	经济科技	木材增产 Lv.9	7	25	7314	7316	4	31509	-1	7315
7316	经济科技	木材增产 Lv.10	7	25	7315	7317	4	31510	-1	7316
7317	经济科技	行军速度 Lv.1	7	25	7316	7318	4	31601	-1	7317
7318	经济科技	行军速度 Lv.2	7	25	7317	7319	4	31602	-1	7318
7319	经济科技	行军速度 Lv.3	7	25	7318	7320	4	31603	-1	7319
7320	经济科技	行军速度 Lv.4	7	25	7319	7321	4	31604	-1	7320
7321	经济科技	行军速度 Lv.5	7	25	7320	7322	4	31605	-1	7321
7322	经济科技	行军速度 Lv.6	7	25	7321	7323	4	31606	-1	7322
7323	经济科技	行军速度 Lv.7	7	25	7322	7324	4	31607	-1	7323
7324	经济科技	行军速度 Lv.8	7	25	7323	7325	4	31608	-1	7324
7325	经济科技	行军速度 Lv.9	7	25	7324	7326	4	31609	-1	7325
7326	经济科技	行军速度 Lv.10	7	25	7325	7327	4	31610	-1	7326
7327	经济科技	资源采集 Lv.1	7	25	7326	7328	4	31701	-1	7327
7328	经济科技	资源采集 Lv.2	7	25	7327	7329	4	31702	-1	7328
7329	经济科技	资源采集 Lv.3	7	25	7328	7330	4	31703	-1	7329
7330	经济科技	资源采集 Lv.4	7	25	7329	7331	4	31704	-1	7330
7331	经济科技	资源采集 Lv.5	7	25	7330	7332	4	31705	-1	7331
7332	经济科技	资源采集 Lv.6	7	25	7331	7333	4	31706	-1	7332
7333	经济科技	资源采集 Lv.7	7	25	7332	7334	4	31707	-1	7333
7334	经济科技	资源采集 Lv.8	7	25	7333	7335	4	31708	-1	7334
7335	经济科技	资源采集 Lv.9	7	25	7334	7336	4	31709	-1	7335
7336	经济科技	资源采集 Lv.10	7	25	7335	-1	4	31710	-1	7336
8101	偏将	攻破10座敌军城池！	8	26	-1	8102	10	10	-1	8101
8102	副尉	攻破20座敌军城池！	8	26	8101	8103	10	20	-1	8102
8103	校尉	攻破50座敌军城池！	8	26	8102	-1	10	50	-1	8103
8201	都尉	攻破100座敌军城池！	8	27	-1	8202	10	100	-1	8201
8202	将军	攻破200座敌军城池！	8	27	8201	8203	10	200	-1	8202
8203	大将军	攻破500座敌军城池！	8	27	8202	-1	10	500	-1	8203
8301	武将抓捕	成功抓捕1名武将	8	28	-1	8302	11	1	-1	8301
8302	武将抓捕	成功抓捕10名武将	8	28	8301	8303	11	10	-1	8302
8303	武将抓捕	成功抓捕50名武将	8	28	8302	-1	11	50	-1	8303
8401	武将营救	成功营救1名武将	8	29	-1	8402	12	1	-1	8401
8402	武将营救	成功营救10名武将	8	29	8401	8403	12	10	-1	8402
8403	武将营救	成功营救50名武将	8	29	8402	-1	12	50	-1	8403
8501	武将处决	成功处决1名武将	8	30	-1	8502	13	1	-1	8501
8502	武将处决	成功处决10名武将	8	30	8501	8503	13	10	-1	8502
8503	武将处决	成功处决50名武将	8	30	8502	-1	13	50	-1	8503
